n_iterations,n_points,stoch_prior,trapezoid
15000,75,False,False
iteration,prior mass,worst L,evidence
0,1.0,0.0,0.0
1,0.9867551618071957,4.736995854915052e-196,6.274074361833458e-198
2,0.973685749353145,5.0577546322476e-196,1.2884262499856391e-197
3,0.9607894391523232,5.373515180037059e-196,1.9814114362914676e-197
4,0.9480639384933955,6.156108901758311e-196,2.764807115149024e-197
5,0.9355069850316178,6.2461848131981415e-196,3.549137635278945e-197
6,0.9231163463866358,7.056584861003742e-196,4.423493566082425e-197
7,0.9108898197456121,8.964186262699873e-196,5.519502187642406e-197
8,0.8988252314716089,1.2774080450703516e-195,7.060642399809724e-197
9,0.8869204367171575,2.1894268187970413e-195,9.667110090576744e-197
10,0.8751733190429475,2.4433226559010835e-195,1.2537309966070076e-196
11,0.8635817900415641,2.680571403779047e-195,1.5644502082788454e-196
12,0.8521437889662113,2.7904560383975254e-195,1.8836225999580004e-196
13,0.8408572823643508,3.657997601453952e-195,2.296482740742003e-196
14,0.8297202637161938,9.517819119306445e-195,3.3564840309570113e-196
15,0.8187307530779818,1.5580357213983198e-194,5.06868904445912e-196
16,0.8078867967299912,3.4918692362696966e-194,8.855256801559115e-196
17,0.7971864668291995,4.259875720033965e-194,1.3413464355632726e-195
18,0.7866278610665535,5.384981924038314e-194,1.9099254473122274e-195
19,0.7762091023287752,6.049538622680345e-194,2.5402122811580094e-195
20,0.7659283383646487,7.753480523712804e-194,3.33732931280544e-195
21,0.7557837414557255,5.677773694978559e-193,9.097201860369946e-195
22,0.7457735080913922,1.120672279371154e-192,2.0315392901814484e-194
23,0.7358958586482417,1.2474590119093524e-192,3.2637355716153977e-194
24,0.7261490370736909,1.2494628679496645e-192,4.481564735408583e-194
25,0.7165313105737893,1.2882949261589446e-192,5.720611560509357e-194
26,0.7070409693051614,1.3675925416270825e-192,7.018503554156481e-194
27,0.697676326071031,1.389109226606462e-192,8.319354786197303e-194
28,0.6884357160212701,1.7365411688470164e-192,9.924024763864441e-194
29,0.679317496356421,2.0223598775855242e-192,1.1768056924384643e-193
30,0.6703200460356393,2.4256989579466846e-192,1.3950567511114365e-193
31,0.6614417654885042,2.5247374049488703e-192,1.6192100210012564e-193
32,0.6526810763306461,2.8496045093779006e-192,1.8688550142961616e-193
33,0.6440364210831414,2.9576685832982297e-192,2.1245352666860495e-193
34,0.6355062628956224,3.175856668173908e-192,2.3954408642901544e-193
35,0.6270890852730561,3.454407785729729e-192,2.686204503422786e-193
36,0.6187833918061408,3.7922144615539964e-192,3.0011742122074913e-193
37,0.6105877059052739,8.770527850195321e-192,3.719979126657558e-193
38,0.602500570538043,1.252352143650237e-191,4.732773257971689e-193
39,0.5945205479701944,1.3876215441108433e-191,5.840098381735431e-193
40,0.5866462195100318,2.5926654139759693e-191,7.881648287430444e-193
41,0.5788761852562011,3.1388163736845725e-191,1.0320519361431829e-192
42,0.5712090638488149,4.385106293664177e-191,1.36826335952135e-192
43,0.5636434922238741,6.751548357889585e-191,1.879056586329998e-192
44,0.5561781253709418,1.1584703824147778e-190,2.743897225628308e-192
45,0.5488116360940264,2.317347513010658e-190,4.450968786176269e-192
46,0.5415427147756329,3.2765240255870685e-190,6.832648320158108e-192
47,0.5343700691439376,3.310264970948894e-190,9.206984078521158e-192
48,0.5272924240430485,5.277389444159355e-190,1.2942133033014957e-191
49,0.5203085212063069,6.383448320738832e-190,1.740027131655513e-191
50,0.513417119032592,7.953242057671872e-190,2.2881170276987173e-191
51,0.5066169923655895,1.0516664620469972e-189,3.0032635430345097e-191
52,0.4999069322759822,1.18400155677226e-189,3.79773570224756e-191
53,0.4932857458465257,1.3581781661570976e-189,4.697010786501912e-191
54,0.4867522559599717,1.4419546061689262e-189,5.639110370129376e-191
55,0.4803053010897994,2.100012327296944e-189,6.99297884021826e-191
56,0.47394373509371884,3.5218666262549632e-189,9.233437537449714e-191
57,0.46766642700990924,4.36682846733332e-189,1.197463030130985e-190
58,0.4614722608559561,4.872801140106223e-189,1.4992924291008868e-190
59,0.4553601354304514,5.847639349808395e-189,1.856707480592344e-190
60,0.44932896411722156,8.692241345556821e-189,2.38095144710227e-190
61,0.4433776746921486,1.0708432141867629e-188,3.0182412367523506e-190
62,0.4375052091325493,1.6031510140576693e-188,3.959686148441387e-190
63,0.43171052342907973,1.996607357743358e-188,5.116657359577149e-190
64,0.4259925874001307,2.8627744234368304e-188,6.753573461429477e-190
65,0.4203503845086819,4.59599232695799e-188,9.346725581053358e-190
66,0.4147829116815814,4.7453430404654684e-188,1.1988682424359562e-189
67,0.4092891791312186,6.071834457868704e-188,1.5324385884520328e-189
68,0.4038682101795599,6.279635636081784e-188,1.8728556865613196e-189
69,0.39851904108451414,2.576259584622996e-187,3.250940501649403e-189
70,0.39324072086859824,2.6331002048762525e-187,4.640775105842465e-189
71,0.38803231114987197,2.7365407468759305e-187,6.06607764801437e-189
72,0.38289288597511206,2.862497813160113e-187,7.537236980379395e-189
73,0.3778215316551958,2.9905544295085065e-187,9.05385309288267e-189
74,0.37281734660266524,4.582084100327187e-187,1.134681276931218e-188
75,0.36787944117144233,4.824488030689474e-187,1.3729099334273328e-188
76,0.36300693749866725,7.412190391568221e-187,1.7340691824895765e-188
77,0.35819896934863205,1.0523042435965424e-186,2.2400137112254827e-188
78,0.35345468195878016,1.5777577688292808e-186,2.988547339915243e-188
79,0.34877323188774706,1.6968684507282133e-186,3.782927832834785e-188
80,0.34415378686541237,1.7303762586266825e-186,4.5822656323027e-188
81,0.3395955256449391,1.803308366964003e-186,5.4042606920713976e-188
82,0.33509763785677166,1.8715239824008684e-186,6.246051178641736e-188
83,0.33065932386456776,1.9001609420810502e-186,7.089402268309504e-188
84,0.32627979462303947,2.4937742866662587e-186,8.181558009332127e-188
85,0.3219582715376759,3.0841182738005454e-186,9.514366841154189e-188
86,0.31769398632632445,3.171647503726935e-186,1.0866847795730446e-187
87,0.3134861808826053,3.656221996428824e-186,1.2405314877732327e-187
88,0.309334107141135,5.4049376751170864e-186,1.464948485724605e-187
89,0.3052370269445351,7.896229923385586e-186,1.7884633581936339e-187
90,0.30119421191220214,1.0479370910421693e-185,2.212124940654088e-187
91,0.29720494331081576,1.0602201630190695e-185,2.63507524134296e-187
92,0.2932685119265625,1.1272355176883046e-185,3.078803768270281e-187
93,0.2893842179390506,1.194870025880009e-185,3.54292641400867e-187
94,0.2855513707968967,1.765616361126406e-185,4.2196601763970263e-187
95,0.28176928909495835,1.773325163137256e-185,4.890346241505849e-187
96,0.27803730045319414,2.3200195692889955e-185,5.756174909631573e-187
97,0.2743547413971275,2.875822332941141e-185,6.815213467212678e-187
98,0.27072095723989387,2.965180310057729e-185,7.89269599061557e-187
99,0.26713530196585034,3.073853428397758e-185,8.99487386633269e-187
100,0.26359713811572677,6.772820444010353e-185,1.1391208712170218e-186
101,0.2601058366732977,1.2735267684466886e-184,1.5837474555820207e-186
102,0.2566607769535559,2.775529045714243e-184,2.5399337872183728e-186
103,0.2532613464923666,3.5193978441942896e-184,3.736328610878172e-186
104,0.24990694093758345,3.603776249888766e-184,4.9451813179604154e-186
105,0.2465969639416065,7.456672057266328e-184,7.413322615569989e-186
106,0.2433308270553631,9.116318485445542e-184,1.0390837022775602e-185
107,0.24010794962369356,9.414891681343237e-184,1.3425141214917049e-185
108,0.23692775868212176,1.0978924853613683e-183,1.6916648951683014e-185
109,0.23378968885499327,1.1187577360096352e-183,2.042738884692144e-185
110,0.23069318225496285,1.3504194757449982e-183,2.460897166637544e-185
111,0.22763768838381274,1.8049356301905493e-183,3.0123941422243135e-185
112,0.2246226640345851,1.8310459681573606e-183,3.564458960079264e-185
113,0.22164757319501044,1.8714007419206008e-183,4.121217680525387e-185
114,0.21871188695221475,2.9191789786179304e-183,4.978197037304091e-185
115,0.21581508339868974,3.794566263558192e-183,6.077408340940238e-185
116,0.21295664753950758,8.159851085135672e-183,8.409849435674067e-185
117,0.21013607120076472,8.356741594388416e-183,1.076693219668609e-184
118,0.20735285293923902,9.48160912104272e-183,1.3405870962119558e-184
119,0.20460649795324246,1.7377991445533715e-182,1.817848430742428e-184
120,0.20189651799465538,1.9716989040820593e-182,2.3521748821854755e-184
121,0.1992224312821256,2.225834072047911e-182,2.947382213821412e-184
122,0.19658376241541678,2.6494940375831523e-182,3.646495956771545e-184
123,0.1939800422908919,3.52478747357566e-182,4.564251964733756e-184
124,0.19141080801811572,3.901985417574155e-182,5.5667634314042e-184
125,0.18887560283756183,4.91828294008001e-182,6.813649070316266e-184
126,0.18637397603940997,5.9237025839666936e-182,8.295538383149514e-184
127,0.1839054828834184,7.316471805135468e-182,1.0101604440847731e-183
128,0.18146968451985795,1.5499774871988072e-181,1.3877037067722122e-183
129,0.17906614791149322,2.2488025046048874e-181,1.9282116212522264e-183
130,0.17669444575659674,2.2868811939827157e-181,2.4705917268283323e-183
131,0.1743541564129834,5.099573578792683e-181,3.664039497170392e-183
132,0.17204486382305054,5.440992295939092e-181,4.92052381625979e-183
133,0.16976615743981116,7.603096919770171e-181,6.653046364606582e-183
134,0.16751763215390675,8.976172678818389e-181,8.671361488503332e-183
135,0.16529888822158653,1.2945448747396173e-180,1.1543625074448093e-182
136,0.1631095311936412,1.4010009834837562e-180,1.4610916423796592e-182
137,0.16094917184527724,1.4437982005380326e-180,1.773003936347998e-182
138,0.15881742610692068,2.1191524379720904e-180,2.22475335420549e-182
139,0.1567139149959369,2.5177828765991885e-180,2.7543717798025995e-182
140,0.1546382645492548,2.963072874764887e-180,3.3694021334083324e-182
141,0.1525901057568839,5.178830468617935e-180,4.430108849258152e-182
142,0.15056907449631105,5.435957063952893e-180,5.5287327649962113e-182
143,0.1485748114677671,5.58150344240373e-180,6.64183136088386e-182
144,0.14660696213035015,5.951988742554457e-180,7.813093071218754e-182
145,0.14466517663899506,6.805495253713302e-180,9.1345742657334e-182
146,0.14274910978227812,1.1267845701516812e-179,1.1293568835261082e-181
147,0.140858420921045,1.4356771225700162e-179,1.400798757923142e-181
148,0.13899277392785184,1.507876876396748e-179,1.6821153539786514e-181
149,0.13715183712720844,2.0656425478013758e-179,2.0623870923008861e-181
150,0.1353352832366127,2.1052758110864857e-179,2.4448217888415106e-181
151,0.13354278930836644,2.3166425112916665e-179,2.86007855238226e-181
152,0.13177403667216134,2.430859898369278e-179,3.2900375377308523e-181
153,0.1300287108784259,3.0043844619600083e-179,3.8144005073065266e-181
154,0.12830650164242224,3.299462410771595e-179,4.382636971074302e-181
155,0.12660710278908355,3.533774215150761e-179,4.983166155992808e-181
156,0.12493021219858241,3.861932251725102e-179,5.630769941399876e-181
157,0.1232755317526195,4.16593919642245e-179,6.320099754138943e-181
158,0.12164276728142417,4.2823456295879386e-179,7.01930593387592e-181
159,0.12003162851145673,6.392623349439588e-179,8.049246265884049e-181
160,0.1184418290138037,8.019305100171639e-179,9.324154987861965e-181
161,0.11687308615325609,1.298454594792724e-178,1.1361096363188299e-180
162,0.11532512103806251,1.3796694368517348e-178,1.349677652193355e-180
163,0.11379765847034781,1.814318024217871e-178,1.6268079389856443e-180
164,0.11229042689718807,1.892306479901454e-178,1.9120223462458682e-180
165,0.11080315836233387,1.9971624016647525e-178,2.209054026144852e-180
166,0.1093355884585731,2.068708743041833e-178,2.51265149523835e-180
167,0.10788745628072427,2.2372649298495948e-178,2.836637028767139e-180
168,0.1064585043792528,2.7494312001802186e-178,3.2295175229133885e-180
169,0.10504847871450167,2.7890845935884873e-178,3.622785608725565e-180
170,0.10365712861152786,4.670644238912157e-178,4.272635743002011e-180
171,0.10228420671553748,9.020629913157572e-178,5.511097775341992e-180
172,0.10092946894791081,9.781762004514115e-178,6.83627001748707e-180
173,0.09959267446281009,1.2038909516073232e-177,8.445624802258404e-180
174,0.09827358560436154,1.3523117184681293e-177,1.0229444123239119e-179
175,0.09697196786440505,1.3715128135864023e-177,1.2014629531980818e-179
176,0.0956875898408032,1.379849962034258e-177,1.378687849908548e-179
177,0.09442022319630235,1.7404184483922895e-177,1.5992626788051785e-179
178,0.09316964261793884,1.7684198682601836e-177,1.820417832969013e-179
179,0.09193562577698285,1.7763796118329864e-177,2.03962606866229e-179
180,0.09071795328941251,3.2896217371848378e-177,2.4401942570506206e-179
181,0.08951640867691184,4.654409858404211e-177,2.9994423660241812e-179
182,0.0883307783283852,4.8098213122592075e-177,3.5697093779046515e-179
183,0.0871608514619813,6.908725052913833e-177,4.3779796831048174e-179
184,0.08600642008762031,7.636071445856251e-177,5.259511728500667e-179
185,0.0848672789700174,1.2024315703739794e-176,6.629250971417504e-179
186,0.08374322559219596,2.084088519304225e-176,8.971877711220302e-179
187,0.08263406011948383,2.0935041897390693e-176,1.1293920275457059e-178
188,0.08153958536398678,2.3878806781243785e-176,1.3907395396803372e-178
189,0.08045960674953244,2.724826195220826e-176,1.685014941574686e-178
190,0.07939393227707822,3.223644073248187e-176,2.0285504612885785e-178
191,0.07834237249057784,3.3196142167621966e-176,2.3776277429927887e-178
192,0.07730474044329974,3.562855353693364e-176,2.747321032473645e-178
193,0.07628085166459152,4.897415558404853e-176,3.248761915965825e-178
194,0.07527052412708471,8.111597443215294e-176,4.068298942970848e-178
195,0.07427357821433388,1.0611351739456974e-175,5.126193317512155e-178
196,0.07328983668888443,1.1590735712465421e-175,6.266422120598363e-178
197,0.07231912466076312,1.2414138267456078e-175,7.471477454096427e-178
198,0.07136126955638605,1.369477736687383e-175,8.783238694513194e-178
199,0.07041610108787864,1.4997646571852005e-175,1.020076895866647e-177
200,0.06948345122280154,2.3596734912173366e-175,1.2401518121876332e-177
201,0.06856315415427791,2.4054676705171806e-175,1.4615262967481664e-177
202,0.06765504627151621,2.6547036646966044e-175,1.702602029178903e-177
203,0.0667589661307233,3.388064932132136e-175,2.0061997993189526e-177
204,0.06587475442640295,5.545259833375028e-175,2.496518164135723e-177
205,0.06500225396303454,5.738730984396567e-175,2.997222708438989e-177
206,0.06414130962712658,6.314770762183557e-175,3.5408893204648992e-177
207,0.06329176835964073,6.766126737292173e-175,4.115699708901807e-177
208,0.062453479128780826,7.06602179008115e-175,4.708036706066454e-177
209,0.06162629290314245,7.123335569012001e-175,5.297269212395117e-177
210,0.06081006262521797,7.387937595043046e-175,5.900295048044184e-177
211,0.06000464318525265,7.891737664347637e-175,6.535910941041396e-177
212,0.05920989139544703,9.554295985424986e-175,7.2952403245163115e-177
213,0.05842566596450083,1.172384578922413e-174,8.214654126156423e-177
214,0.057651827472494165,1.3239427130383612e-174,9.239171958717238e-177
215,0.056888238346101516,1.3637265776013852e-174,1.0280498744746316e-176
216,0.056134762834133725,1.5932432995433327e-174,1.1480968555558981e-176
217,0.055391266983404165,1.8073774732609735e-174,1.282474620763059e-176
218,0.05465761861491456,2.0490682281531987e-174,1.4328041770139067e-176
219,0.05393368730035602,2.194926757065837e-174,1.591701798274146e-176
220,0.05321934433892151,3.226935807618796e-174,1.8222156863914927e-176
221,0.052514462734425345,3.4648092150931382e-174,2.066443714272288e-176
222,0.05181891717272583,4.0431687394862734e-174,2.3476645214674765e-176
223,0.051132583999446764,4.364161730810872e-174,2.6471914184085265e-176
224,0.0504553411979941,5.0425926583529e-174,2.9886973762612814e-176
225,0.049787068367863944,6.644779910970019e-174,3.432749963930876e-176
226,0.04912764670323751,9.725097454303684e-174,4.074043959128002e-176
227,0.04847695897185986,1.0807890068529329e-173,4.7773001060950405e-176
228,0.04783488949419837,1.2020739874264614e-173,5.549115123312412e-176
229,0.047201324122877045,1.495895305862347e-173,6.496862588228915e-176
230,0.046576150222383414,1.683599060551798e-173,7.549404779781494e-176
231,0.045959256649044204,2.096625281013784e-173,8.842799441339412e-176
232,0.04535053373126606,2.3121138397650216e-173,1.0250236124116405e-175
233,0.04474987325003813,2.967004933974517e-173,1.2032398735563176e-175
234,0.04415716841969286,3.1916288951803306e-173,1.3924092598406098e-175
235,0.04357231386892163,3.295204623450093e-173,1.585130801815328e-175
236,0.042995205622041684,3.397574795166467e-173,1.7812076451835295e-175
237,0.042425741080511385,3.730258522198111e-173,1.9936326410968332e-175
238,0.0418638190046902,4.42813510471484e-173,2.2424593281026342e-175
239,0.041309339495840244,5.548651162372644e-173,2.550120665231848e-175
240,0.04076220397836621,7.117767611605348e-173,2.939559011775408e-175
241,0.04022231518229067,8.043798326558078e-173,3.373834671215398e-175
242,0.03968957712596126,9.429232582477867e-173,3.8761657750821194e-175
243,0.039163895098987066,1.1772958420605278e-172,4.4950490396847874e-175
244,0.03864517564540103,1.1934807520534431e-172,5.114130723255403e-175
245,0.038133326547045196,1.6764952968757233e-172,5.972243329359036e-175
246,0.03762825680717622,1.8962592752653702e-172,6.929986508241449e-175
247,0.03712987663428787,1.982209023630523e-172,7.917880184139274e-175
248,0.03663809742614795,2.5658491660926933e-172,9.179711455246812e-175
249,0.036152831754046426,2.7275636444799477e-172,1.0503304460385061e-174
250,0.035673993347252395,3.313955161014719e-172,1.2090153469872208e-174
251,0.03520149707767686,4.102316882089719e-172,1.4028482893276324e-174
252,0.03473525894473856,5.102290805466751e-172,1.6407365432125397e-174
253,0.034275196060430335,5.128785442776442e-172,1.876692925592718e-174
254,0.0338212266345833,5.450669459286754e-172,2.1241366540841566e-174
255,0.03337326996032608,6.427351716801202e-172,2.4120541640181256e-174
256,0.032931246399736776,8.032423674442009e-172,2.7671062152919932e-174
257,0.0324950773696849,8.854185205414075e-172,3.1532983525865074e-174
258,0.03206468532786077,1.508899821068141e-171,3.8027168274840877e-174
259,0.03163999375899008,1.6009315157233558e-171,4.482618944551174e-174
260,0.031220927161230903,1.8194883753194385e-171,5.24510574765866e-174
261,0.030807411032751076,2.789912041305961e-171,6.398779373778751e-174
262,0.030399371858483078,3.0540369681604386e-171,7.644946096450878e-174
263,0.02999673709705457,3.6036751944969883e-171,9.095910998652998e-174
264,0.029599435167892,3.6653606164241213e-171,1.0552165842634817e-173
265,0.029207395438494873,5.687567855427434e-171,1.2781918405604382e-173
266,0.028820548211878752,5.737778568998624e-171,1.5001562131958916e-173
267,0.028438824714184505,5.81674851784847e-171,1.722195172139986e-173
268,0.028062157082451612,5.920238163820012e-171,1.9451913809860632e-173
269,0.027690478352553487,6.25513959859603e-171,2.1776816151202272e-173
270,0.02732372244729256,7.199780366050238e-171,2.4417378117032887e-173
271,0.026961824164653078,1.14322151989134e-170,2.8554677164284614e-173
272,0.02660471916620941,1.2966684848496454e-170,3.318514513692648e-173
273,0.02625234396568796,1.882961697000022e-170,3.982023519247238e-173
274,0.025904635917680587,1.9670623095094153e-170,4.665986915195635e-173
275,0.025561533206507402,2.9958135080088803e-170,5.69385865196273e-173
276,0.025222974835227212,3.1572902528443538e-170,6.762785697624533e-173
277,0.024888900614793454,3.535658100195057e-170,7.943957921167499e-173
278,0.024559251153353733,3.691487025847054e-170,9.160854631149698e-173
279,0.024233967845691113,3.869229395823319e-170,1.0419450367128549e-172
280,0.023912992862805314,4.3644152989971655e-170,1.1820318493030682e-172
281,0.02359626914163178,6.411712108157864e-170,1.3851059811019855e-172
282,0.02328374037489701,8.380588096278331e-170,1.6470234673261805e-172
283,0.022975351001108226,1.5571821763368643e-169,2.1272419035617616e-172
284,0.022671046194675668,1.6814141979525532e-169,2.638904325602668e-172
285,0.0223707718561656,1.840724827419111e-169,3.191626755534999e-172
286,0.02207447460268254,1.9585695172733006e-169,3.771945524258724e-172
287,0.021782101758378844,2.458350330901281e-169,4.4907004027992624e-172
288,0.021493601345089923,2.554145777314756e-169,5.227572515154722e-172
289,0.02120892207309356,2.728263787931796e-169,6.004252664117183e-172
290,0.02092801333199164,3.519763861957993e-169,6.992985099555833e-172
291,0.020650825181712566,4.1229011985230183e-169,8.135804456557809e-172
292,0.02037730834363289,4.3882732186017413e-169,9.336071071939482e-172
293,0.02010741419181659,5.892402473664727e-169,1.0926396039729483e-171
294,0.019841094744370288,6.156661851933708e-169,1.2566034822250203e-171
295,0.019578302654913008,7.94265527872663e-169,1.4653301798785667e-171
296,0.019318991204158927,8.616877606814571e-169,1.688775683197911e-171
297,0.019063114291611637,1.150292540385063e-168,1.9831089869578197e-171
298,0.018810626427368308,1.4877795782418474e-168,2.3587552751329442e-171
299,0.018561482724032522,1.6038995404285776e-168,2.758356746413885e-171
300,0.01831563888873418,2.0311469911033298e-168,3.2577017127614177e-171
301,0.018073051215255057,2.24959431538299e-168,3.803425564002036e-171
302,0.01783367657625875,2.429654998040667e-168,4.385023352043596e-171
303,0.017597472415623393,2.591993902790757e-168,4.997263096224247e-171
304,0.017364396740876118,2.650258685093861e-168,5.614973927507324e-171
305,0.017134408115727567,4.514321638050078e-168,6.653216554520818e-171
306,0.01690746565270528,5.672319439664366e-168,7.940506699207454e-171
307,0.016683529005884795,6.671306679277762e-168,9.434456746876012e-171
308,0.016462558363716902,7.66612373089207e-168,1.1128445030629755e-170
309,0.01624451444194987,1.0813271223117039e-167,1.3486213095248783e-170
310,0.016029358476645567,1.3352039086687421e-167,1.6358983953725805e-170
311,0.01581705221728795,1.6382806779929152e-167,1.983715637895118e-170
312,0.01560755791998283,1.7199236103042303e-167,2.344029826054286e-170
313,0.015400838340747847,2.3457744332930675e-167,2.828947329884812e-170
314,0.0151968567288911,2.402563516437118e-167,3.319026108555868e-170
315,0.014995576820477703,3.0299315908284184e-167,3.92889046165667e-170
316,0.01479696283188272,3.0748020541475046e-167,4.539589161770956e-170
317,0.014600979453429488,3.16071037603971e-167,5.1590358595794e-170
318,0.01440759184311235,3.3262240236010653e-167,5.8022863748830676e-170
319,0.01421676562040237,3.569989529231277e-167,6.483533991860454e-170
320,0.014028466860135112,3.710348124044586e-167,7.182187943777992e-170
321,0.013842662086479501,5.213314459091967e-167,8.150846656845101e-170
322,0.013659318266986421,5.599807518786572e-167,9.177536755765499e-170
323,0.013478402806716167,5.753135958833958e-167,1.0218367995755296e-169
324,0.013299883542443767,6.038509418286375e-167,1.1296358254409733e-169
325,0.013123728736940968,1.021618150839209e-166,1.3095987721001838e-169
326,0.012949907073333924,1.0768341638414115e-166,1.4967758778879978e-169
327,0.01277838764953576,1.5063138057496705e-166,1.7551379539093998e-169
328,0.012609139972752738,2.0142490650442463e-166,2.0960449286305145e-169
329,0.012442133954063204,2.4105052399361424e-166,2.498613811782508e-169
330,0.012277339903068436,3.6102254163926695e-166,3.093557483154131e-169
331,0.012114728522614244,3.889272564569072e-166,3.725997463841325e-169
332,0.011954270903582464,4.289298217852477e-166,4.414248043195191e-169
333,0.011795938519751562,4.3898561355561385e-166,5.1093044298125045e-169
334,0.011639703222725192,5.521101188982357e-166,5.971895313985807e-169
335,0.01148553723692793,5.526340339156424e-166,6.823869020223037e-169
336,0.011333413154667387,6.100343234853982e-166,7.751878136299507e-169
337,0.011183303931261625,7.719824366323063e-166,8.910694976757137e-169
338,0.01103518288023111,7.87602176089267e-166,1.0077299597919774e-168
339,0.01088902366855445,8.079166659804819e-166,1.1258144227921191e-168
340,0.010744800311986828,1.301291334838071e-165,1.3134910269748287e-168
341,0.010602487170440565,1.3878774658002017e-165,1.5110042292141208e-168
342,0.010462058943426803,1.5493182710257352e-165,1.7285722470942915e-168
343,0.010323490665557532,1.8816131741022445e-165,1.989304144245773e-168
344,0.010186757702107294,2.8844986979423336e-165,2.3837101992837827e-168
345,0.010051835744633586,2.890531003345359e-165,2.7737063003935787e-168
346,0.009918700806655264,3.351580535630529e-165,3.2199187671340997e-168
347,0.009787329219388274,3.378131169619351e-165,3.663709220883088e-168
348,0.009657697627537777,3.7061110312326044e-165,4.1441382934364587e-168
349,0.009529782985146007,3.9850284850858176e-165,4.653881787027227e-168
350,0.009403562551495206,4.507302870699488e-165,5.222795509962416e-168
351,0.009279013887064744,9.68100649397758e-165,6.428551939129956e-168
352,0.009156114849541784,1.4188719149998216e-164,8.172331866348324e-168
353,0.009034843589884867,1.4831998451838429e-164,9.971027001832208e-168
354,0.008915178548439553,2.112492824832477e-164,1.2498942416197273e-167
355,0.008797098451105509,2.14706205589617e-164,1.5034195381621818e-167
356,0.008680582305554444,2.165471461672322e-164,1.755731926177071e-167
357,0.00856560939749806,3.505525916725887e-164,2.1587724350900647e-167
358,0.008452159287005432,4.61573408999165e-164,2.6824279776042085e-167
359,0.008340211804869234,5.775073835008784e-164,3.328932952584081e-167
360,0.00822974704902003,1.014554936782786e-163,4.4496585864572295e-167
361,0.008120745380988049,1.2330338621764658e-163,5.793686063628739e-167
362,0.008013187422411897,1.296501673383823e-163,7.188176796426027e-167
363,0.007907054051593441,1.3523370167940605e-163,8.623457657175304e-167
364,0.007802326400098327,1.386808025306946e-163,1.0075829132825042e-166
365,0.007698985849401583,1.4913035091676917e-163,1.1616950391758799e-166
366,0.007597014027577567,1.8091226979971345e-163,1.3461745765938271e-166
367,0.007496392806033836,2.1043384972383904e-163,1.5579156867274527e-166
368,0.00739710429628822,2.31446319472062e-163,1.78771528819234e-166
369,0.007299130846788583,2.4362789055077117e-163,2.026405936508132e-166
370,0.007202455039774759,2.4564355856397843e-163,2.263883829127333e-166
371,0.007107059688181999,3.121889605070002e-163,2.5616975856367684e-166
372,0.007012927832585425,3.653518307068612e-163,2.905610043337192e-166
373,0.006920042738185014,3.840968543765248e-163,3.2623787691138335e-166
374,0.006828387891830468,4.735377946559411e-163,3.6963991072364434e-166
375,0.006737946999085467,5.998973999987335e-163,4.238951671349347e-166
376,0.006648703981330887,6.514925433553442e-163,4.8203632774857224e-166
377,0.0065606429729063095,8.016181236020256e-163,5.526276280843841e-166
378,0.006473748318289405,8.335018651663634e-163,6.250544847805611e-166
379,0.006388004569312721,1.1311112855705915e-162,7.220402069152199e-166
380,0.006303396482417283,1.305225479287666e-162,8.324728376849302e-166
381,0.006219909015942573,1.6063284162049842e-162,9.665811274802186e-166
382,0.0061375273274524465,2.231576409001852e-162,1.150422160048524e-165
383,0.0060562367710964285,2.238712063226972e-162,1.3324083091891737e-165
384,0.005976022895005943,2.413819403004867e-162,1.5260301196866164e-165
385,0.005896871438725093,2.5120850043907654e-162,1.7248653060854295e-165
386,0.005818768330675414,2.7562065438412147e-162,1.9401336035862922e-165
387,0.005741699685654202,5.00847520193361e-162,2.326130001021658e-165
388,0.005665651802366041,5.80512539807028e-162,2.7675974997672485e-165
389,0.005590611160986931,5.984049740519869e-162,3.2166444303403546e-165
390,0.0055165644207607716,6.044777590089876e-162,3.6642405062786495e-165
391,0.005443498417627617,6.076145211785703e-162,4.108200151360485e-165
392,0.0053714001618833515,1.0552581798510395e-161,4.86902289263177e-165
393,0.005300256835870402,1.45054972223673e-161,5.900992210502578e-165
394,0.005230055791698997,2.0961260269278425e-161,7.372494568554509e-165
395,0.005160784548998603,2.4940456380099777e-161,9.100150975518985e-165
396,0.00509243079269919,2.509528954901884e-161,1.0815508281615826e-164
397,0.005024982370841839,6.586909966871306e-161,1.5258275103435114e-164
398,0.0049584272924183435,7.33954328675571e-161,2.014311389386177e-164
399,0.004892753725239476,9.755165502942807e-161,2.654967906384664e-164
400,0.004827949993831441,1.627405264144855e-160,3.709587242681308e-164
401,0.004764004577360192,1.6883581720081877e-160,4.7892149072983126e-164
402,0.004700906107583276,1.6934274958265068e-160,5.857741743946392e-164
403,0.004638643366828773,1.6999260384176784e-160,6.916162286264689e-164
404,0.004577205286001,1.8690942828307584e-160,8.064497942497533e-164
405,0.004516580942612666,2.170768488834134e-160,9.380512085334083e-164
406,0.004456759558843061,2.5416621554251312e-160,1.0900969557457774e-163
407,0.00439773049962195,2.962100832007461e-160,1.264946981177248e-163
408,0.004339483270738895,3.4883242719637544e-160,1.4681322034646364e-163
409,0.00428200751697758,3.8379786810554094e-160,1.688722921078154e-163
410,0.004225293020274839,4.6690230293218526e-160,1.953524212279649e-163
411,0.0041693296979041115,4.756874059908286e-160,2.219734688771247e-163
412,0.004114107600682921,8.528839983425642e-160,2.6907151195199582e-163
413,0.004059616911204088,1.0658513906785778e-159,3.2715048911204396e-163
414,0.00400584794209042,1.6573363549742295e-159,4.162637563936121e-163
415,0.003952791134272453,1.8185210211252496e-159,5.127486767243878e-163
416,0.003900437055289062,2.6975676633771373e-159,6.539773472358762e-163
417,0.003848776397610543,3.476907989579288e-159,8.335967006652398e-163
418,0.003797799976983906,6.388523857825685e-159,1.1592607800250685e-162
419,0.0037474987308001168,7.440853849019308e-159,1.533545001302183e-162
420,0.003697863716482932,8.665642472513703e-159,1.9636642894930047e-162
421,0.0036488861098990725,1.1041674846468613e-158,2.5044590961502415e-162
422,0.0036005572037894873,1.3080008786529388e-158,3.1366016127069697e-162
423,0.003552868406221362,1.3897301169005572e-158,3.799347194898949e-162
424,0.003505811239060632,1.5235653740991073e-158,4.516293899791763e-162
425,0.0034593773364647584,2.0643565181080484e-158,5.474855194641625e-162
426,0.0034135584433954303,2.7193488428127326e-158,6.720830733112003e-162
427,0.003368346414150976,2.7587411042947372e-158,7.968113567964521e-162
428,0.0033237332109182327,2.8401235513584057e-158,9.235183659993054e-162
429,0.003279710902343573,2.891945347806171e-158,1.05082847648148e-161
430,0.003236271662122855,3.17788047712719e-158,1.188873189920138e-161
431,0.0031934077676100793,3.567741578815137e-158,1.3418004886033138e-161
432,0.0031511115984444414,3.603104192367261e-158,1.4941979930450987e-161
433,0.0031093756351955747,7.010012883936486e-158,1.7867676331431543e-161
434,0.0030681924580267606,9.617072435787372e-158,2.1828292311115042e-161
435,0.0030275547453758153,1.2093223514786828e-157,2.6742701733290653e-161
436,0.002987455272653455,1.3246761130380698e-157,3.2054583099363905e-161
437,0.002947886910958919,1.3283478119084558e-157,3.731063776713784e-161
438,0.002908842625812584,1.4166703462562479e-157,4.284192586289641e-161
439,0.0028703154759053637,1.5192903660795263e-157,4.8695318631550565e-161
440,0.002832298611864697,2.137802652503923e-157,5.6822573910152416e-161
441,0.0027947852750368437,2.138265225936466e-157,6.484392027493645e-161
442,0.002757768796285348,2.2832300003384393e-157,7.329563375416702e-161
443,0.0027212425948053855,2.919718710583389e-157,8.396025714292548e-161
444,0.0026852001769538205,3.6005653937499464e-157,9.69375653852675e-161
445,0.002649635135094777,3.879063502167322e-157,1.1073347096811439e-160
446,0.002614541146460479,4.0550707852806165e-157,1.249643317731056e-160
447,0.00257991197202718,4.223906435334385e-157,1.3959137104701844e-160
448,0.0025457414554060005,6.64271582217088e-157,1.6228987418814464e-160
449,0.0025120235217484356,8.06087690704316e-157,1.894694854654924e-160
450,0.0024787521766663585,9.382687005881885e-157,2.2068694718247416e-160
451,0.0024459215051663504,1.167229190270169e-156,2.5900786529345454e-160
452,0.002413525670598123,1.3651433564453764e-156,3.032328236307734e-160
453,0.0023815589136168707,1.5278650845332347e-156,3.52073715488188e-160
454,0.0023500155511593838,1.6351787310727746e-156,4.036527508851901e-160
455,0.0023188899754337054,1.8190796219642644e-156,4.602726514096773e-160
456,0.0022881766529221693,1.9751821202372892e-156,5.2093705688754475e-160
457,0.0022578701233976622,2.604917841703187e-156,5.998830763660376e-160
458,0.002227964998952894,2.8793974069822016e-156,6.859918141477828e-160
459,0.0021984559630425313,3.3278268587291435e-156,7.841927764254911e-160
460,0.0021693377695380265,3.436267429100926e-156,8.842506763592791e-160
461,0.0021406052417949576,3.476183710614928e-156,9.841302212645267e-160
462,0.002112253271732714,1.0477179366235787e-155,1.2811788969927986e-159
463,0.002084276818926394,1.1485725253358619e-155,1.602508747489745e-159
464,0.0020566709097107005,1.3279986952744178e-155,1.9691148616927962e-159
465,0.002029430636295734,1.5015448501958852e-155,2.3781397843345036e-159
466,0.0020025511558944783,2.0463095851713018e-155,2.9281771682296406e-159
467,0.001976027689861842,3.1867656298329516e-155,3.773417867598108e-159
468,0.0019498555228451206,3.826948780820594e-155,4.775013294158861e-159
469,0.0019240300019456923,4.160198026896616e-155,5.849406105052653e-159
470,0.0018985465358918202,9.45848023430177e-155,8.259754704773148e-159
471,0.0018734005942224233,9.776746004610741e-155,1.071820955225765e-158
472,0.001848587706481645,1.5439546377672406e-154,1.4549206862634918e-158
473,0.0018241034614240878,1.5570616076401833e-154,1.8361554659752528e-158
474,0.0017999435062305911,1.5799203564605e-154,2.2178635161890435e-158
475,0.0017761035457343791,1.9940588548194192e-154,2.69324635944921e-158
476,0.0017525793416574608,2.008630482227104e-154,3.1657606932395034e-158
477,0.0017293667118571557,2.2715959098167286e-154,3.693057842344133e-158
478,0.0017064615295825866,3.185442979759842e-154,4.422689363110589e-158
479,0.0016838597227410196,3.903028666613655e-154,5.304844363309595e-158
480,0.001661557273173934,4.812569256052318e-154,6.378165194521734e-158
481,0.001639550215942669,5.3792428790707395e-154,7.561978253527577e-158
482,0.0016178346386235304,6.272263295521196e-154,8.924036439126428e-158
483,0.0015964066806122474,6.629240090619846e-154,1.0344547222211588e-157
484,0.0015752625324376272,8.219817609458354e-154,1.2082557637238987e-157
485,0.0015543984350843032,1.1622074668253464e-153,1.4507398610499392e-157
486,0.001533810679324463,1.288453822469344e-153,1.716003587098253e-157
487,0.0015134956050584162,1.668118592590296e-153,2.054883118028706e-157
488,0.0014934496006638967,1.9672713749045807e-153,2.4492424242942045e-157
489,0.001473669102353996,2.305053685503999e-153,2.9051935295976236e-157
490,0.0014541505935435817,2.4324325217021117e-153,3.379968085653436e-157
491,0.0014348906042241263,3.129954374183206e-153,3.982796963824947e-157
492,0.0014158857103468033,4.229795681420659e-153,4.7866651443065365e-157
493,0.0013971325332137558,4.577758604734982e-153,5.645140324175808e-157
494,0.0013786277388774363,7.320108743467624e-153,6.999711392349434e-157
495,0.0013603680375478939,9.750085009540885e-153,8.780047794468091e-157
496,0.001342350183007909,9.87754006191017e-153,1.0559768594951804e-156
497,0.0013245709720358875,1.0206147265853474e-152,1.237434104946309e-156
498,0.0013070272438363876,1.105085687829965e-152,1.431307334390772e-156
499,0.0012897158794781872,1.1244569218261913e-152,1.6259661691791087e-156
500,0.0012726338013398079,1.1389212491086847e-152,1.8205175868864599e-156
501,0.0012557779725623694,1.274010450564537e-152,2.0352626070402905e-156
502,0.0012391453965096928,2.622458087070467e-152,2.4714449428218547e-156
503,0.0012227331162355632,3.907178108057637e-152,3.1127019647257077e-156
504,0.0012065382139580404,3.961841031968715e-152,3.7543182482438437e-156
505,0.0011905578105407307,3.982405229146403e-152,4.390722669573472e-156
506,0.0011747890649809391,4.002645663518477e-152,5.021889679913735e-156
507,0.0011592291739045914,4.110641754385627e-152,5.661501059435009e-156
508,0.0011438753710678465,5.343195750210571e-152,6.48188480010367e-156
509,0.0011287249268653187,6.421089155992903e-152,7.454708329876942e-156
510,0.0011137751478448032,7.481909940309435e-152,8.573237332467179e-156
511,0.0010990233762284318,8.906043910609685e-152,9.887036590214074e-156
512,0.0010844669894401766,1.885931103513256e-151,1.2632270850088078e-155
513,0.0010701033996396044,1.9076685386286783e-151,1.5372367686520013e-155
514,0.0010559300532618078,2.19183302542608e-151,1.8478928553685779e-155
515,0.0010419444305634364,2.9209078534765945e-151,2.256400007122913e-155
516,0.0010281440451747298,3.035241565360678e-151,2.6752750406208985e-155
517,0.001014526443657495,3.1074900698537335e-151,3.098440655521219e-155
518,0.001001089205068931,3.1948515564253054e-151,3.5277404817085407e-155
519,0.0009878299405312295,3.5105692078014503e-151,3.9932161397500265e-155
520,0.0009747462928068856,4.225050813941706e-151,4.546006904420683e-155
521,0.0009618359358796231,7.295217008374944e-151,5.487845458820247e-155
522,0.0009490965745408727,9.027382764756553e-151,6.637876368654658e-155
523,0.0009365259439817338,1.0810550419521634e-150,7.996830723302165e-155
524,0.0009241218093903329,1.2077916867463991e-150,9.494991787379908e-155
525,0.0009118819655545162,1.269182548119239e-150,1.1048451406192247e-154
526,0.00089980423646981,1.8188953972812374e-150,1.3245263990370435e-154
527,0.0008878864749525681,1.912272553037267e-150,1.5524264814676984e-154
528,0.0008761265622582417,1.9775937986008714e-150,1.7849897856315748e-154
529,0.0008645224077047131,2.4690295476894254e-150,2.071499790317742e-154
530,0.0008530719483006112,2.7500083098671634e-150,2.3863883754485126e-154
531,0.000841773148378549,3.242963678855592e-150,2.7528043530675522e-154
532,0.0008306239992332275,3.4005242025573673e-150,3.131933868133429e-154
533,0.0008196225187643238,3.906605845564785e-150,3.561718347230287e-154
534,0.0008087667511241114,4.258951075629545e-150,4.0240601799109575e-154
535,0.0007980547663697524,4.6952566354706774e-150,4.527015354880609e-154
536,0.0007874846601201892,5.063594509971024e-150,5.0622426746315945e-154
537,0.0007770545532175816,7.348677571153624e-150,5.828717601230866e-154
538,0.0007667625913932333,8.07869508292921e-150,6.660173815071443e-154
539,0.0007566069449379344,9.510500758807261e-150,7.626026648264426e-154
540,0.0007465858083766792,9.776335653470794e-150,8.605726594785412e-154
541,0.0007366974001476866,1.2011973579967155e-149,9.793519578731301e-154
542,0.0007269399622856706,1.2433625494800662e-149,1.1006722860382249e-153
543,0.0007173117601093135,1.3642405900774653e-149,1.2320241282228114e-153
544,0.0007078110819128704,1.620475444688005e-149,1.385980285474999e-153
545,0.0006984362386618604,2.67315925183102e-149,1.6365847751840276e-153
546,0.0006891855636927931,3.4162712089704604e-149,1.9526129207877118e-153
547,0.0006800574124168658,3.832049304544943e-149,2.3024081782746938e-153
548,0.0006710501620275871,4.074686417394256e-149,2.6694253864673266e-153
549,0.0006621622112122764,4.598681957434818e-149,3.0781539769966987e-153
550,0.0006533919798673806,5.5670301582454285e-149,3.5663954009149405e-153
551,0.000644737908817561,5.857347995261597e-149,4.073294458060066e-153
552,0.0006361984595385052,7.202009478394978e-149,4.688306404540396e-153
553,0.0006277721138834067,8.797503929418508e-149,5.429614494654071e-153
554,0.000619457373813066,8.798072635042114e-149,6.161151365457594e-153
555,0.0006112527611295723,8.946271458617838e-149,6.895158288251131e-153
556,0.0006031568172135067,9.135003228344429e-149,7.634723026348678e-153
557,0.0005951681027646268,1.0041321214500418e-148,8.436895505069919e-153
558,0.0005872851975459907,1.0294404510780159e-148,9.24839365547771e-153
559,0.0005795067001314653,1.567081067319598e-148,1.0467347258527433e-152
560,0.000571831227656578,1.659569061784686e-148,1.1741144923917722e-152
561,0.0005642574155726738,1.8130798853245356e-148,1.3114337558373186e-152
562,0.0005567839174043241,2.0908792705334932e-148,1.4676955798230428e-152
563,0.0005494094045099479,2.113174382841712e-148,1.6235318971663586e-152
564,0.000542132565845609,2.742262261233544e-148,1.8230818976693751e-152
565,0.000534952107731934,3.6182240569538906e-148,2.0828869605378616e-152
566,0.0005278667536241248,4.7234108893956986e-148,2.4175573480183695e-152
567,0.0005208752438850126,5.686160422602435e-148,2.81510580774616e-152
568,0.000513976335561118,6.0209232591297577e-148,3.230483783645568e-152
569,0.0005071688021616804,7.093235782704103e-148,3.7133581786540114e-152
570,0.0005004514334406108,7.151784794579253e-148,4.193769933443288e-152
571,0.0004938230351813329,1.0614137543242223e-147,4.897317241596921e-152
572,0.0004872824289844765,1.0992212671396212e-147,5.6162745847538975e-152
573,0.00048082845205838073,1.1606689807726727e-147,6.365367666828088e-152
574,0.00047445995701237076,1.3305488823284304e-147,7.212727063386358e-152
575,0.00046817581165277687,1.4651089696205186e-147,8.133422836660375e-152
576,0.0004619748987816513,2.0351911825521518e-147,9.395427156569268e-152
577,0.00045585611599815106,2.3960451299892232e-147,1.0861515125556032e-151
578,0.0004498183755025552,2.58690332440454e-147,1.2423420221550915e-151
579,0.000443860603902874,2.635751474941619e-147,1.3993740749673412e-151
580,0.00043798174202401997,2.7435252029270706e-147,1.560662132258974e-151
581,0.0004321807447195091,3.2037430910368147e-147,1.746511182613473e-151
582,0.00042645658068565383,3.4508546424214454e-147,1.944043762915586e-151
583,0.0004208082322782156,3.458091674428786e-147,2.1393688289359385e-151
584,0.0004152346953314905,3.5686699235686986e-147,2.3382699656327054e-151
585,0.0004097349789797868,5.343652335980276e-147,2.63215568693281e-151
586,0.0004043081054812673,5.716678944540291e-147,2.9423926215695115e-151
587,0.00039895311004412855,7.506784384230637e-147,3.344380582820907e-151
588,0.0003936690406550783,8.90251679129238e-147,3.8147957474446474e-151
589,0.0003884549579100851,8.99673556311482e-147,4.283892984053681e-151
590,0.0003833099348473737,9.825798631459007e-147,4.789432589737831e-151
591,0.00037823305678262576,1.2615848156950266e-146,5.429923817499946e-151
592,0.00037322342114637,1.3429512934973458e-146,6.102693483265953e-151
593,0.0003682801373235217,1.5580534624781192e-146,6.872883530886037e-151
594,0.0003634023264950478,1.9231915174004973e-146,7.810979971766565e-151
595,0.00035858912148173215,2.171296796280114e-146,8.856069634291735e-151
596,0.000353839666590007,2.49698460504914e-146,1.0042001208993042e-150
597,0.0003491531174598264,6.667885253536944e-146,1.316693839250378e-150
598,0.00034452864091455773,7.443587443026367e-146,1.6609207946796976e-150
599,0.00033996541481285785,8.418236039045652e-146,2.045063938916135e-150
600,0.00033546262790251185,1.2558495670848226e-145,2.610546238119458e-150
601,0.00033101947967621004,1.664689691444069e-145,3.35019254310772e-150
602,0.0003266351802292323,1.727460104125725e-145,4.107562781027176e-150
603,0.0003223089501190191,2.1075393254585598e-145,5.019332789852898e-150
604,0.0003180400202266,2.216735741630643e-145,5.96564173695699e-150
605,0.00031382763161986234,2.493605660094957e-145,7.016045344185037e-150
606,0.0003096710354186262,2.7764236954315927e-145,8.170092562730327e-150
607,0.00030556949266150827,3.3905828056681544e-145,9.560754597630017e-150
608,0.0003015222741745492,3.8380699857700985e-145,1.1114105377695166e-149
609,0.00029752866044158134,3.988828566313081e-145,1.2707089431783408e-149
610,0.0002935879414763107,4.277320121827517e-145,1.439266108424535e-149
611,0.0002896994166960984,5.566684592479516e-145,1.6557280182393613e-149
612,0.0002858623947974087,6.3561280336505926e-145,1.8996140427992895e-149
613,0.0002820761936329094,6.534645101620419e-145,2.1470288517327393e-149
614,0.0002783401400901993,7.442104597656144e-145,2.4250698642056626e-149
615,0.00027465356997214254,7.953017430658077e-145,2.7182634282881476e-149
616,0.0002710158278787854,8.342388134450731e-145,3.021737993046295e-149
617,0.00026742626709084187,8.940244662266368e-145,3.342653509789221e-149
618,0.00026388424945471793,1.1577700749210727e-144,3.752737712183918e-149
619,0.0002603891452690605,1.1696971919534546e-144,4.1615590673387465e-149
620,0.0002569403331728091,1.6744235637896028e-144,4.73903629144334e-149
621,0.0002535372000347304,1.9767401032113992e-144,5.411747266504123e-149
622,0.00025017914084441366,2.7077782284325463e-144,6.321035223036869e-149
623,0.00024686555860471454,3.1695981464750525e-144,7.371307635551168e-149
624,0.0002435958642256188,3.6821246588497775e-144,8.575249865568267e-149
625,0.00024036947641951407,3.827415391400266e-144,9.810122500339401e-149
626,0.00023718582159784886,6.447663826553081e-144,1.1862836103327606e-148
627,0.00023404433376915794,6.561437290826409e-144,1.3924103642112598e-148
628,0.0002309444544384427,7.913896032788239e-144,1.6377315915859554e-148
629,0.00022788563250788,8.245087077693686e-144,1.889934123312442e-148
630,0.0002248673241788482,8.840614201896719e-144,2.1567711181058588e-148
631,0.0002218889928552504,9.119030865805785e-144,2.428366070790703e-148
632,0.00021895010904811863,9.75530338423525e-144,2.7150631022865704e-148
633,0.0002160501502814794,1.1005854815297068e-143,3.034228353846365e-148
634,0.00021318860099947009,1.604506110311643e-143,3.4933656846405475e-148
635,0.00021036495247468172,1.8026320408992505e-143,4.0023656149426886e-148
636,0.00020757870271771752,2.0429931552798967e-143,4.571594533180502e-148
637,0.0002048293563879491,2.955387941001449e-143,5.384133032043925e-148
638,0.00020211642470545474,5.622451073657817e-143,6.909465597143991e-148
639,0.00019943942536412282,8.848954398018159e-143,9.278330106641073e-148
640,0.0001967978824459091,9.435907234033278e-143,1.1770865499739301e-147
641,0.00019419132633622646,1.089500038032346e-142,1.4610708480371972e-147
642,0.00019161929364045703,1.300845734578634e-142,1.7956526241860424e-147
643,0.00018908132710156967,1.92095865400645e-142,2.283185502831489e-147
644,0.00018657697551882895,1.9214848838089356e-142,2.7643928738294167e-147
645,0.0001841057936675792,2.2138964437487362e-142,3.3114869450632415e-147
646,0.00018166734222009424,2.295903463407135e-142,3.8713318574263254e-147
647,0.00017926118766747222,2.6332544541610785e-142,4.5049335767355145e-147
648,0.0001768869022425666,4.037411541914004e-142,5.463530314566735e-147
649,0.00017454406384393735,5.4077598347776494e-142,6.730481053714931e-147
650,0.00017223225596081014,5.4712999796077e-142,7.995340496096016e-147
651,0.0001699510675990275,6.676009240165437e-142,9.518263954277888e-147
652,0.000167700093207984,8.10733886949631e-142,1.1343205171752656e-146
653,0.000165478932608526,1.0174433499220676e-141,1.360311025278011e-146
654,0.00016328719092180806,1.1016594531557754e-141,1.601766320082852e-146
655,0.0001611244784990914,1.3737505170855572e-141,1.8988690509842886e-146
656,0.00015899041085247093,1.5260727782889598e-141,2.224543305237757e-146
657,0.00015688460858652242,1.9600363269062564e-141,2.637288199091818e-146
658,0.00015480669733085247,2.5053618069332458e-141,3.1578801489070375e-146
659,0.00015275630767354285,2.5170561625025997e-141,3.6739747411533136e-146
660,0.0001507330750954765,2.794671641530227e-141,4.239401812167525e-146
661,0.0001487366399055333,2.890057061785026e-141,4.816382974076674e-146
662,0.00014676664717664308,5.256609759019648e-141,5.85193127446488e-146
663,0.000144822746682688,5.273035793595838e-141,6.8769569628462585e-146
664,0.00014290459283623828,5.666774471470544e-141,7.963931487787687e-146
665,0.00014101184462711366,6.572227004904613e-141,9.207888577137056e-146
666,0.00013914416556175865,9.743292605203723e-141,1.1027622939773786e-145
667,0.0001373012236034206,1.002105557140115e-140,1.2874445317711026e-145
668,0.0001354826911131192,1.5799437179906484e-140,1.5747624301724601e-145
669,0.00013368824479140023,1.8568424189045376e-140,1.9079628350339624e-145
670,0.00013191756562085807,1.8870008055853934e-140,2.2420901371585952e-145
671,0.00013017033880942112,4.8498888592025505e-140,3.0894757218874013e-145
672,0.0001284462537343878,5.236483998324694e-140,3.9922901126036424e-145
673,0.00012674500388720414,6.905206447506784e-140,5.167038253962898e-145
674,0.00012506628681897172,8.84360043016553e-140,6.651628552637545e-145
675,0.00012340980408667956,1.3016278175632886e-139,8.807752556302255e-145
676,0.00012177526120014576,1.3581674023224845e-139,1.1027735422490563e-144
677,0.00012016236756966332,1.693188738379597e-139,1.3758668753827604e-144
678,0.00011857083645433903,1.729423948258276e-139,1.651110077906764e-144
679,0.00011700038491111581,1.7464078513450542e-139,1.925374968430963e-144
680,0.00011545073374447223,2.1689096661950487e-139,2.2614803078873318e-144
681,0.00011392160745678613,2.459952620064854e-139,2.637638129667678e-144
682,0.0001124127341993568,2.5674673626339056e-139,3.025036413947772e-144
683,0.00011092384572407556,3.38724549828681e-139,3.529359492482518e-144
684,0.00010945467733573676,3.460532005504837e-139,4.0377699154147573e-144
685,0.0001080049678449793,3.913658065250533e-139,4.605136639492077e-144
686,0.00010657445952185348,6.014583857645205e-139,5.465527866342038e-144
687,0.00010516289805000093,6.463689083961182e-139,6.377917314037388e-144
688,0.00010377003248144226,8.234727295429168e-139,7.524904125664744e-144
689,0.00010239561519196348,1.0359718835212237e-138,8.948761793790217e-144
690,0.00010103940183709342,1.3463989904324194e-138,1.077476608559823e-143
691,9.970115130866335e-05,1.5777205996894863e-138,1.2886151511847686e-143
692,9.838062569194379e-05,1.6846496237104858e-138,1.5110774495154354e-143
693,9.707759022334712e-05,1.7066212115143428e-138,1.7334562465216965e-143
694,9.57918132486915e-05,2.2826865600929384e-138,2.0269588284540308e-143
695,9.452306618201723e-05,2.3160309535864348e-138,2.3208045763229912e-143
696,9.32711234649488e-05,2.809608860722089e-138,2.6725515114221837e-143
697,9.203576252659446e-05,2.880333765229352e-138,3.028376693720927e-143
698,9.081676374397833e-05,6.263784410111785e-138,3.7919312507705425e-143
699,8.961391040299518e-05,7.983024946814814e-138,4.75217207361335e-143
700,8.842698865988302e-05,9.409203995703189e-138,5.868970954401143e-143
701,8.725578750320606e-05,9.594920302817102e-138,6.992729130089407e-143
702,8.610009871634035e-05,9.729461954525002e-138,8.117152138397508e-143
703,8.495971684045792e-05,1.3625885129749377e-137,9.671023382879718e-143
704,8.383443913799956e-05,1.4035203509671185e-137,1.1250373538769549e-142
705,8.272406555663223e-05,1.6770925332852942e-137,1.3112572781237954e-142
706,8.162839869368368e-05,1.7960918509357192e-137,1.5080491105120139e-142
707,8.054724376104824e-05,1.9058651317208633e-137,1.7141026593218053e-142
708,7.948040855055677e-05,2.8019581848737314e-137,2.0130254243166126e-142
709,7.842770339980665e-05,3.1693069293392906e-137,2.3466599971989635e-142
710,7.738894115844294e-05,3.169726531620412e-137,2.675919220848567e-142
711,7.636393715488688e-05,4.4574185437665345e-137,3.1328064061371377e-142
712,7.53525091635049e-05,4.570281062629731e-137,3.595057425659807e-142
713,7.435447737221259e-05,5.650111499233784e-137,4.158956515717967e-142
714,7.336966435050708e-05,5.685877448525325e-137,4.718909130830908e-142
715,7.239789501792424e-05,7.558496509615002e-137,5.4534206416787396e-142
716,7.143899661291218e-05,9.596320755423905e-137,6.37361030831475e-142
717,7.049279866211783e-05,1.0448679119353738e-136,7.362262185438769e-142
718,6.955913295008013e-05,1.1117409023595047e-136,8.400256546641692e-142
719,6.863783348932466e-05,1.1716637991822276e-136,9.479709773014982e-142
720,6.77287364908539e-05,1.2954295665905504e-136,1.0657380903732738e-141
721,6.683168033502944e-05,1.4296247909720906e-136,1.1939834622993506e-141
722,6.594650554283873e-05,1.886789998466471e-136,1.360997356779357e-141
723,6.507305474754294e-05,3.1986209333588273e-136,1.6403811565885597e-141
724,6.421117266670022e-05,4.368696224342818e-136,2.0169112558291942e-141
725,6.336070607455965e-05,5.405789019018605e-136,2.4766555523127603e-141
726,6.252150377482026e-05,5.448380229114144e-136,2.933884874125481e-141
727,6.169341657375194e-05,5.543526737264812e-136,3.3929372281163826e-141
728,6.0876297253671315e-05,6.378152945219008e-136,3.9141084279131425e-141
729,6.007000054676936e-05,1.1421897517538981e-135,4.8350522634094697e-141
730,5.927438310928582e-05,1.1787334062441419e-135,5.772873115561681e-141
731,5.8489303496025026e-05,1.2206907995100906e-135,6.731212576352072e-141
732,5.771462213521033e-05,1.2837541575387413e-135,7.725712994065709e-141
733,5.6950201303670614e-05,1.2873105947203755e-135,8.709760029331745e-141
734,5.619590510235585e-05,1.788096754843617e-135,1.0058514619093542e-140
735,5.5451599432176945e-05,2.3008881374197625e-135,1.177107870622245e-140
736,5.4717151970165643e-05,3.255715295882742e-135,1.4162230542314903e-140
737,5.39924321459497e-05,3.5861442571225915e-135,1.6761180377949796e-140
738,5.327731111854062e-05,3.6427804736854174e-135,1.9366209292917466e-140
739,5.2571661753427834e-05,4.4958895757489106e-135,2.253873091766186e-140
740,5.187535859997683e-05,4.904648738153936e-135,2.5953853300607946e-140
741,5.118827786912642e-05,5.142629364887264e-135,2.9487254843127447e-140
742,5.051029741138161e-05,5.854281046552855e-135,3.345634298683613e-140
743,4.9841296695097424e-05,5.957723723047968e-135,3.7442064424978507e-140
744,4.918115678505129e-05,6.367898434730082e-135,4.164576832486412e-140
745,4.852976032129834e-05,7.216306005107227e-135,4.634644453795016e-140
746,4.788699149830715e-05,9.361855548482933e-135,5.236395340986207e-140
747,4.725273604437187e-05,1.2226314112626863e-134,6.011855981732157e-140
748,4.662688120129694e-05,1.251010966930447e-134,6.794807254125427e-140
749,4.600931570435064e-05,1.291109346966248e-134,7.592151839596649e-140
750,4.5399929762484854e-05,2.1690959292910302e-134,8.913968405464909e-140
751,4.4798615038816046e-05,2.2708222934834195e-134,1.027944728537186e-139
752,4.420526463136519e-05,2.359812717885851e-134,1.1679643123037145e-139
753,4.361977305405272e-05,2.6807956559812817e-134,1.3249226400110038e-139
754,4.3042036217944936e-05,3.893980944978516e-134,1.5498922631125932e-139
755,4.247195141274942e-05,4.0880463782853225e-134,1.7829455754320954e-139
756,4.19094172885549e-05,4.488065638987112e-134,2.035414582787608e-139
757,4.135433383781326e-05,5.319329398164187e-134,2.3306817545840517e-139
758,4.08066023775602e-05,6.900888613293501e-134,2.7086651343043467e-139
759,4.0266125531871373e-05,7.021480990993072e-134,3.0881599241119472e-139
760,3.973280721455058e-05,7.103805312515536e-134,3.467018873696478e-139
761,3.9206552612047956e-05,8.335668444452486e-134,3.905687262079378e-139
762,3.86872681666037e-05,8.489176059181655e-134,4.346516970296457e-139
763,3.8174861559615396e-05,9.027575965325002e-134,4.809095927268592e-139
764,3.7669241695225575e-05,1.0034079617263989e-133,5.3164389248043605e-139
765,3.7170318684126734e-05,1.1308095921779339e-133,5.880625851513228e-139
766,3.667800382758049e-05,1.1719339904401966e-133,6.457586365898463e-139
767,3.619220960164912e-05,1.3108214886464735e-133,7.094375876309678e-139
768,3.571284964163521e-05,1.4950161250398979e-133,7.811026746228955e-139
769,3.523983872672779e-05,1.6204220730363863e-133,8.577504073532073e-139
770,3.4773092764851756e-05,1.8988731700938333e-133,9.463795457788117e-139
771,3.431252877771797e-05,2.943860394138524e-133,1.0819631538477801e-138
772,3.3858064886071146e-05,3.2711319656726993e-133,1.2306242901687736e-138
773,3.3409620295133656e-05,3.779853869650321e-133,1.4001297924066563e-138
774,3.296711528024157e-05,4.160038163223223e-133,1.584213567343531e-138
775,3.2530471172671234e-05,4.995967311478502e-133,1.8023595361606398e-138
776,3.209961034565357e-05,5.411109292331341e-133,2.0355030386383263e-138
777,3.1674456200573305e-05,7.716979053757284e-133,2.363593601858573e-138
778,3.125493315335164e-05,8.117581381759385e-133,2.7041448495931306e-138
779,3.0840966621008574e-05,8.193438879042131e-133,3.0433257976653214e-138
780,3.0432483008403625e-05,8.385650778819432e-133,3.385865890082888e-138
781,3.0029409695152044e-05,1.0521183922196874e-132,3.8099467363678034e-138
782,2.9631675022714372e-05,1.200759173467252e-132,4.287530292903331e-138
783,2.923920828165675e-05,1.4150117759555516e-132,4.842875353170766e-138
784,2.8851939699080494e-05,1.4200341621275714e-132,5.392809970347771e-138
785,2.8469800426217617e-05,1.4787925877061633e-132,5.957914694528815e-138
786,2.8092722526190927e-05,2.3896147242910738e-132,6.858985596637351e-138
787,2.7720638961936173e-05,2.5498810122670317e-132,7.80775441210719e-138
788,2.735348358428422e-05,2.8778898197315565e-132,8.86438713571144e-138
789,2.699119112020084e-05,3.010427710558695e-132,9.955042408914632e-138
790,2.6633697161182717e-05,4.073977256373063e-132,1.1411464667245238e-137
791,2.6280938151806693e-05,5.067143716588516e-132,1.3198945265074945e-137
792,2.593285137843091e-05,1.0226825979217885e-131,1.675876812205655e-137
793,2.558937495804554e-05,1.0915964674457852e-131,2.0508144593492457e-137
794,2.525044782727127e-05,1.666256990502365e-131,2.6155541602727863e-137
795,2.4916009731503204e-05,2.007047211036616e-131,3.2867872076484766e-137
796,2.4586001214199102e-05,2.0243305866571807e-131,3.954833543084556e-137
797,2.4260363606308936e-05,2.12306971995778e-131,4.646184888075653e-137
798,2.393903901584477e-05,2.1403307015215232e-131,5.333925774199937e-137
799,2.362197031758867e-05,2.725198010984866e-131,6.198000760033019e-137
800,2.3309101142937016e-05,3.4491744071737227e-131,7.277141110035073e-137
801,2.30003758698791e-05,3.452074423672496e-131,8.342883729099617e-137
802,2.2695739613108865e-05,3.659831542741147e-131,9.45780111068991e-137
803,2.2395138214267212e-05,3.9901518080904263e-131,1.0657246325792443e-136
804,2.2098518232313746e-05,4.150247002530053e-131,1.1888292516785334e-136
805,2.1805826934026048e-05,4.718756833844005e-131,1.3269431580787082e-136
806,2.151701228462457e-05,5.041860181704168e-131,1.4725594661497236e-136
807,2.123202293852213e-05,6.119023690564128e-131,1.646945122185645e-136
808,2.0950808230195492e-05,2.078538004561128e-130,2.2314605808841353e-136
809,2.0673318165178072e-05,2.9319519617432483e-130,3.045048121376222e-136
810,2.0399503411171922e-05,3.0796765615367824e-130,3.888309001491922e-136
811,2.012931528927742e-05,3.571392965115619e-130,4.853256959283749e-136
812,1.9862705765338994e-05,6.740735772922455e-130,6.650401314697324e-136
813,1.959962744140579e-05,9.040721871768014e-130,9.028819271868301e-136
814,1.934003354730512e-05,1.1922592903255563e-129,1.2123851591401446e-135
815,1.908387793232765e-05,1.6421829292655246e-129,1.6330395372916575e-135
816,1.8831115057022737e-05,2.246091327192482e-129,2.200768039350257e-135
817,1.8581699985102417e-05,2.8191627667930252e-129,2.903909723585027e-135
818,1.8335588375452495e-05,2.977452598909883e-129,3.636695375359081e-135
819,1.8092736474249758e-05,3.18815454580796e-129,4.410944768136693e-135
820,1.7853101107183268e-05,3.252700684614202e-129,5.1904068906516426e-135
821,1.7616639671778846e-05,3.987984318729595e-129,6.133411387028769e-135
822,1.738331012982519e-05,5.398522199161884e-129,7.393046098985846e-135
823,1.7153070999900346e-05,5.546058116943592e-129,8.669965694343566e-135
824,1.692588134999698e-05,5.938387353120548e-129,1.0019105838089599e-134
825,1.670170079024566e-05,5.995962038714163e-129,1.1363283964176209e-134
826,1.6480489465734218e-05,6.302215778963514e-129,1.2757405463997634e-134
827,1.626220804942235e-05,7.17717683288793e-129,1.4324049788201136e-134
828,1.6046817735150053e-05,8.123517617776063e-129,1.6073776800890466e-134
829,1.5834280230738565e-05,9.334348271172982e-129,1.8057675887753254e-134
830,1.5624557751182907e-05,9.899518754766743e-129,2.0133827507410671e-134
831,1.541761301193436e-05,1.2092221104370751e-128,2.2636249050790453e-134
832,1.521340922227201e-05,1.6756313552169513e-128,2.6057951778914073e-134
833,1.5011910078762097e-05,1.9220608376950451e-128,2.993088790460904e-134
834,1.4813079758803986e-05,2.462496364865027e-128,3.482707730582703e-134
835,1.4616882914261518e-05,3.033996051975413e-128,4.0779681823345843e-134
836,1.4423284665178955e-05,3.0881911067878644e-128,4.675836573441057e-134
837,1.42322505935799e-05,3.2912724244049797e-128,5.304581745416832e-134
838,1.4043746737348487e-05,3.3534779923358465e-128,5.936725278759317e-134
839,1.385773958419158e-05,4.451505778158181e-128,6.764737195816047e-134
840,1.3674196065680964e-05,4.465098940328278e-128,7.584277165821921e-134
841,1.3493083551374333e-05,5.498213987226576e-128,8.580072525244409e-134
842,1.3314369843014387e-05,5.698839439770197e-128,9.598533254873661e-134
843,1.3138023168804505e-05,5.721877842352642e-128,1.0607567382607766e-133
844,1.2964012177760372e-05,6.506786299797395e-128,1.1739819715147899e-133
845,1.2792305934136388e-05,7.719936887697624e-128,1.3065381079148688e-133
846,1.2622873911925919e-05,1.012264210632753e-127,1.4780480801336602e-133
847,1.2455685989434286e-05,1.3640877121299111e-127,1.7061070708210248e-133
848,1.2290712443923846e-05,1.6880811901489543e-127,1.9845958098693812e-133
849,1.2127923946329785e-05,1.752184128505672e-127,2.2698312316569775e-133
850,1.1967291556046007e-05,1.8094261058995403e-127,2.5604836720894903e-133
851,1.1808786715780082e-05,2.1797165821935002e-127,2.9059793007750578e-133
852,1.1652381246476234e-05,2.263213953914609e-127,3.2599583413720913e-133
853,1.1498047342305786e-05,2.591241178139719e-127,3.659874709041624e-133
854,1.1345757565723739e-05,2.889883086707877e-127,4.099974358664604e-133
855,1.119548484259094e-05,2.917730555344908e-127,4.538429674584057e-133
856,1.1047202457360826e-05,2.9402384612925866e-127,4.974415246769842e-133
857,1.0900884048329949e-05,3.0730777791689677e-127,5.424063098245986e-133
858,1.0756503602951294e-05,4.271257991095415e-127,6.040749229327481e-133
859,1.0614035453209884e-05,4.279517925953467e-127,6.6504442300232674e-133
860,1.0473454271059428e-05,5.238848430815246e-127,7.386927735534333e-133
861,1.0334735063919507e-05,5.6010976263588605e-127,8.16390755737613e-133
862,1.019785317023239e-05,5.707834544733565e-127,8.945206758712004e-133
863,1.0062784255078701e-05,6.187157775401584e-127,9.780899447320207e-133
864,9.929504305851081e-06,7.182617607615152e-127,1.0738198357384562e-132
865,9.797989627985328e-06,8.406812870233768e-127,1.1843817643891025e-132
866,9.668216840747884e-06,8.546679483868903e-127,1.2952944062137774e-132
867,9.54016287307923e-06,9.277222449274912e-127,1.4140929205712125e-132
868,9.413804959492294e-06,9.728419502506412e-127,1.5370191996547297e-132
869,9.289120636025214e-06,9.886708796594688e-127,1.6602909594166734e-132
870,9.166087736247617e-06,1.5457588538155438e-126,1.8504701535584943e-132
871,9.044684387319967e-06,2.01154849196145e-126,2.094678877012979e-132
872,8.924889006104929e-06,2.914960830629288e-126,2.4438777209451188e-132
873,8.806680295330328e-06,3.198552477684894e-126,2.821974485677156e-132
874,8.690037239802918e-06,3.37725992780716e-126,3.215908402966863e-132
875,8.574939102672297e-06,3.4859830978125696e-126,3.617138563593919e-132
876,8.46136542174425e-06,3.9439815475091785e-126,4.065071065456834e-132
877,8.349296005843056e-06,5.0879036079033815e-126,4.635269450956143e-132
878,8.238710931221834e-06,5.394222484968069e-126,5.231789946979809e-132
879,8.12959053802051e-06,5.7280434612860384e-126,5.856836301749612e-132
880,8.021915426770687e-06,6.236228073962966e-126,6.528322853392844e-132
881,7.915666454946747e-06,6.871034738646871e-126,7.258363229740649e-132
882,7.810824733562767e-06,7.117853346209201e-126,8.004611227115942e-132
883,7.707371623814372e-06,7.150763436300953e-126,8.744379941676396e-132
884,7.605288733765137e-06,9.099983877550689e-126,9.673332595298217e-132
885,7.504557915076858e-06,1.2681758319402697e-125,1.0950776493218544e-131
886,7.405161259783147e-06,1.5337516356236804e-125,1.2475274319541066e-131
887,7.307081097105695e-06,1.6666599993892923e-125,1.4109937158222113e-131
888,7.210299990312828e-06,1.7117417638082472e-125,1.5766579782671468e-131
889,7.114800733619555e-06,1.9050771899291768e-125,1.7585914338486936e-131
890,7.020566349128716e-06,1.9463521258523127e-125,1.9420047284308219e-131
891,6.927580083812657e-06,1.9857547508497585e-125,2.1266526465459617e-131
892,6.835825406534876e-06,2.77752367214499e-125,2.3815034347150236e-131
893,6.745286005111058e-06,3.062963638173343e-125,2.6588223290981563e-131
894,6.6559457834091735e-06,3.2667763807970373e-125,2.950676855209044e-131
895,6.5677888584878385e-06,4.669405400690051e-125,3.362317276544953e-131
896,6.4807995577726624e-06,5.599897174983922e-125,3.8494484158736945e-131
897,6.3949624162699644e-06,6.485003186489994e-125,4.4061025520378834e-131
898,6.310262173817413e-06,6.663188297693751e-125,4.970476216359545e-131
899,6.226683772371026e-06,8.816959016680143e-125,5.707383556591983e-131
900,6.14421235332821e-06,1.0794347484170743e-124,6.597608711252796e-131
901,6.062833254886147e-06,1.108477928425624e-124,7.499678055834826e-131
902,5.9825320094352244e-06,1.4221006009464268e-124,8.641642549959858e-131
903,5.903294340986992e-06,1.446717204682112e-124,9.78798753198941e-131
904,5.82510616263612e-06,1.6361942159162952e-124,1.1067297983696695e-130
905,5.747953574056096e-06,1.6578394415319515e-124,1.2346364027339208e-130
906,5.6718228590279695e-06,2.0385641178378606e-124,1.3898337466555985e-130
907,5.596700483001894e-06,2.501514531410221e-124,1.5777534619188887e-130
908,5.5225730906909424e-06,3.3178191100495786e-124,1.8236947407063068e-130
909,5.449427503696814e-06,3.961719298084956e-124,2.1134770242706956e-130
910,5.377250718166931e-06,4.2811776750561175e-124,2.422478667138546e-130
911,5.306029902482667e-06,5.538609598555891e-124,2.816942960504389e-130
912,5.235752394978102e-06,1.0835508939032782e-123,3.5784355212830517e-130
913,5.166405701689028e-06,1.1246054564165739e-123,4.358312217856443e-130
914,5.097977494131774e-06,1.5729777165047684e-123,5.4346726745356815e-130
915,5.030455607111448e-06,1.9323076544277807e-123,6.739403265843509e-130
916,4.96382803655917e-06,2.7742072425345734e-123,8.58779015362965e-130
917,4.898082937398037e-06,3.0753887012927325e-123,1.060970750488484e-129
918,4.833208621437263e-06,3.467244589332761e-123,1.2859058714901398e-129
919,4.769193555294259e-06,3.80989044295554e-123,1.5297962601935394e-129
920,4.706026358344219e-06,4.073909146818476e-123,1.7871336816271892e-129
921,4.6436958006968855e-06,4.7691629668630464e-123,2.0843982688627764e-129
922,4.582190801200049e-06,5.1797606173256506e-123,2.4029794430251252e-129
923,4.521500425469597e-06,5.82630873967147e-123,2.756580309557403e-129
924,4.461613883945555e-06,9.508595575806003e-123,3.3260172133432286e-129
925,4.402520529973925e-06,1.1017404416355385e-122,3.977072592367514e-129
926,4.3442098579139286e-06,1.301775381538282e-122,4.7361465660540726e-129
927,4.286671501270272e-06,1.4370191939291994e-122,5.562983794894855e-129
928,4.2298952308502404e-06,1.537922967655766e-122,6.436159097862867e-129
929,4.173870952945113e-06,1.7559133933019924e-122,7.419896897099728e-129
930,4.118588707535708e-06,1.8623379373579863e-122,8.449439125982419e-129
931,4.064038666521685e-06,2.5033983269582306e-122,9.815043940082506e-129
932,4.0102111319743115e-06,2.7331701707015365e-122,1.128624205795538e-128
933,3.957096534412328e-06,3.0578915411517145e-122,1.2910428843920044e-128
934,3.904685431100729e-06,3.2315052130261433e-122,1.46040963796389e-128
935,3.8529685043719985e-06,3.592247514929331e-122,1.646189639484953e-128
936,3.8019365599696187e-06,4.5145495395818437e-122,1.8765758805906834e-128
937,3.751580525413513e-06,4.741302395919677e-122,2.11532906788056e-128
938,3.7018914483871406e-06,5.019359420796871e-122,2.364736404763585e-128
939,3.652860495145926e-06,5.321950307683476e-122,2.6256767014516803e-128
940,3.60447894894683e-06,5.755303815602039e-122,2.904127198896064e-128
941,3.556738208498659e-06,5.970986904397048e-122,3.1891865349183115e-128
942,3.509629786432929e-06,6.544238554538421e-122,3.497475286844333e-128
943,3.4631453077949773e-06,7.309053118751612e-122,3.8372328104065945e-128
944,3.4172765085550685e-06,7.817275693551223e-122,4.1958018597971143e-128
945,3.3720152341391845e-06,9.260446512537808e-122,4.614941470614704e-128
946,3.3273534379793387e-06,1.063528455127967e-121,5.089932381345913e-128
947,3.2832831800830303e-06,1.1990616347951268e-121,5.618361936135817e-128
948,3.2397966256216737e-06,1.2755768494936104e-121,6.173066357487313e-128
949,3.1968860435377204e-06,1.309156133732474e-121,6.734832874859697e-128
950,3.1545438051702337e-06,1.5303358811239188e-121,7.382811341468363e-128
951,3.11276238289864e-06,1.8789039455576241e-121,8.167844133039431e-128
952,3.0715343488044986e-06,1.908109762817149e-121,8.954520276607325e-128
953,3.0308523733509414e-06,1.93581982764701e-121,9.742050023715774e-128
954,2.9907092240796304e-06,1.995425126603891e-121,1.054307651088562e-127
955,2.951097764324973e-06,2.2511534621087093e-121,1.1434791258544388e-127
956,2.9120109519453415e-06,2.726936209597334e-121,1.2500663698501932e-127
957,2.8734418380711506e-06,3.21848131556307e-121,1.3742003422121012e-127
958,2.835383565869463e-06,4.594016027519929e-121,1.549040654686369e-127
959,2.7978293693249848e-06,4.8082523761538046e-121,1.7296107094559046e-127
960,2.7607725720371986e-06,4.959839610099241e-121,1.913406480467284e-127
961,2.724206586033438e-06,5.5547821781434384e-121,2.1165225678472165e-127
962,2.6881249105976526e-06,7.708086474971846e-121,2.394643242268118e-127
963,2.652521131114739e-06,8.914690893088161e-121,2.7120399309839646e-127
964,2.6173889179301295e-06,9.715117566845866e-121,3.0533535124559405e-127
965,2.5827220252245053e-06,1.0018373818014352e-120,3.4006594026898787e-127
966,2.548514289903414e-06,1.128756019135531e-120,3.786781274136649e-127
967,2.5147596305015976e-06,1.48774198917191e-120,4.288963515359433e-127
968,2.4814520461018068e-06,1.681014864473754e-120,4.848868960117058e-127
969,2.4485856152679845e-06,1.840902119447499e-120,5.45390778192364e-127
970,2.4161544949925313e-06,1.908690486685555e-120,6.072917489346764e-127
971,2.3841529196575377e-06,1.9810304493513464e-120,6.706878441005098e-127
972,2.352575200009771e-06,2.1378663331924858e-120,7.381967878144612e-127
973,2.321415722149241e-06,2.6865919879875575e-120,8.219095913844369e-127
974,2.2906689465311415e-06,3.395234561917387e-120,9.263021066305266e-127
975,2.2603294069810542e-06,3.64826660261536e-120,1.0369888355098377e-126
976,2.2303917097231524e-06,4.343352292432187e-120,1.1670188015250864e-126
977,2.2008505324212965e-06,4.490897848610463e-120,1.2996852111154115e-126
978,2.1717006232328326e-06,5.1656121623357865e-120,1.4502623365503245e-126
979,2.1429367998749008e-06,5.9308805801767874e-120,1.6208571379155175e-126
980,2.114553948703151e-06,6.278055209409024e-120,1.7990462445722015e-126
981,2.086547023802622e-06,8.658225130534875e-120,2.0415365055749656e-126
982,2.058911046090678e-06,8.859581929751227e-120,2.2863797143227105e-126
983,2.0316411024318292e-06,1.202417646713251e-119,2.6142783291254717e-126
984,2.004732344764272e-06,1.3060115517555487e-119,2.965709812697676e-126
985,1.9781799892379876e-06,1.3777479695997224e-119,3.3315343518419595e-126
986,1.951979315364286e-06,1.8242363520721273e-119,3.8094965691338855e-126
987,1.926125665176585e-06,1.8817434098695067e-119,4.295995927751666e-126
988,1.9006144424023128e-06,2.296977836202855e-119,4.8819830606210345e-126
989,1.8754411116457868e-06,2.8597448164217614e-119,5.601876082051492e-126
990,1.8506011975819082e-06,2.9516680892585764e-119,6.335067898874252e-126
991,1.8260902841605253e-06,3.138017747537945e-119,7.104224712120905e-126
992,1.8019040138213667e-06,4.599952295276329e-119,8.21678160972877e-126
993,1.7780380867193375e-06,5.036025052747274e-119,9.418675677657363e-126
994,1.754488259960096e-06,5.643569011616489e-119,1.0747726402931287e-125
995,1.7312503468457492e-06,5.667894818898659e-119,1.2064826876359517e-125
996,1.7083202161305435e-06,6.296479722400176e-119,1.3508617907162295e-125
997,1.6856937912863976e-06,6.444806575602669e-119,1.4966847223341611e-125
998,1.663367049778194e-06,7.298339775531526e-119,1.6596328679414938e-125
999,1.641336022348639e-06,8.083418688924235e-119,1.8377188868017606e-125
1000,1.6195967923126097e-06,1.0076423026717905e-118,2.056772564919924e-125
1001,1.5981454948608469e-06,1.6380813204887218e-118,2.408162261479725e-125
1002,1.5769783163728552e-06,1.691889303193678e-118,2.766287490105968e-125
1003,1.5560914937389354e-06,1.8723234613039337e-118,3.157356370601789e-125
1004,1.5354813136911635e-06,3.2711418089365105e-118,3.831544587041549e-125
1005,1.515144112143249e-06,3.3061455879134677e-118,4.503922078722993e-125
1006,1.4950762735391313e-06,3.3823036084916313e-118,5.182677307976343e-125
1007,1.4752742302102067e-06,3.630083615957735e-118,5.901508038484487e-125
1008,1.4557344617410582e-06,5.333087555639272e-118,6.943580999113372e-125
1009,1.4364534943436084e-06,5.512896516904014e-118,8.006520779192777e-125
1010,1.4174279002395385e-06,5.727698501764155e-118,9.096249447643318e-125
1011,1.3986542970508992e-06,6.9730751754961395e-118,1.0405346911136477e-124
1012,1.380129347198789e-06,8.066504310092182e-118,1.1899662789399358e-124
1013,1.3618497573100026e-06,8.616728582009245e-118,1.3474765436020493e-124
1014,1.3438122776315214e-06,9.414559569983896e-118,1.5172914705274845e-124
1015,1.3260137014527877e-06,9.522563088355224e-118,1.6867795350723724e-124
1016,1.3084508645356036e-06,1.446933653979185e-117,1.94090213302059e-124
1017,1.2911206445515944e-06,1.5731756300913185e-117,2.2135369304502394e-124
1018,1.274019960527119e-06,2.5309594415152562e-117,2.6463483073313907e-124
1019,1.2571457722955362e-06,2.7529243869031337e-117,3.110881950250572e-124
1020,1.2404950799567134e-06,3.048299583259697e-117,3.618444935424761e-124
1021,1.2240649233437166e-06,3.736733296583598e-117,4.232396068263443e-124
1022,1.2078523814965414e-06,4.376458268232651e-117,4.9419311964248234e-124
1023,1.191854572142826e-06,4.437166797634791e-117,5.651780681416795e-124
1024,1.1760686511854398e-06,4.9228055837894974e-117,6.428890879759598e-124
1025,1.1604918121968607e-06,5.261285222345357e-117,7.2484328075742395e-124
1026,1.145121285920239e-06,8.27491776324352e-117,8.52033121674243e-124
1027,1.129954339777089e-06,8.409220429374506e-117,9.795753150324418e-124
1028,1.114988277381484e-06,9.277878477024832e-117,1.1184286232184364e-123
1029,1.1002204380606923e-06,1.607874934083048e-116,1.3558770099631058e-123
1030,1.0856481963821639e-06,1.746424664091596e-116,1.6103702327479623e-123
1031,1.071268961686772e-06,2.1742319843286167e-116,1.9230081525968503e-123
1032,1.0570801776282568e-06,2.61572323640128e-116,2.2941474741782312e-123
1033,1.0430793217187495e-06,3.1042278218934136e-116,2.728765938624367e-123
1034,1.0292639048803243e-06,3.141955819408995e-116,3.162840231954877e-123
1035,1.0156314710024903e-06,3.742579555071324e-116,3.67304491512531e-123
1036,1.0021795965055438e-06,3.808594339406853e-116,4.1853722457601274e-123
1037,9.889058899096978e-07,3.880952855688534e-116,4.700518540947331e-123
1038,9.758079914099323e-07,4.2448027210375696e-116,5.256498492864114e-123
1039,9.628835724564623e-07,5.702498872611562e-116,5.9935133379773365e-123
1040,9.501303353407667e-07,7.604410128485676e-116,6.963321792913087e-123
1041,9.375460127871031e-07,8.026484293426509e-116,7.973400466117025e-123
1042,9.251283675494305e-07,9.395635420469279e-116,9.140117140456009e-123
1043,9.128751920136648e-07,9.77694867431109e-116,1.033810382356106e-122
1044,9.007843078052184e-07,1.393125595515146e-115,1.2022515849880727e-122
1045,8.888535654017208e-07,1.6114615869677072e-115,1.3945109158605037e-122
1046,8.770808437508776e-07,2.10733466934004e-115,1.6426015607336247e-122
1047,8.654640498933887e-07,2.206638747583539e-115,1.898942235219879e-122
1048,8.540011185908629e-07,2.4559767214888964e-115,2.1804691596101758e-122
1049,8.426900119586528e-07,3.140842309945717e-115,2.5357331824377066e-122
1050,8.315287191035679e-07,3.1991759776038556e-115,2.892802582247599e-122
1051,8.20515255766371e-07,3.624641692102361e-115,3.2920011661120437e-122
1052,8.096476639690178e-07,3.631525343565922e-115,3.6866605164682177e-122
1053,7.989240116665673e-07,3.884614570737128e-115,4.103233076324396e-122
1054,7.883423924036974e-07,4.322591655713684e-115,4.5606332676206055e-122
1055,7.779009249757819e-07,6.731727383148412e-115,5.263524389668111e-122
1056,7.675977530944447e-07,8.623253470298014e-115,6.151993016476295e-122
1057,7.574310450575484e-07,8.888954752746068e-115,7.055707093719804e-122
1058,7.473989934235543e-07,1.0567022235055555e-114,8.115796220516217e-122
1059,7.374998146901956e-07,1.3453007833106996e-114,9.447533510928221e-122
1060,7.277317489774006e-07,2.3480347310117653e-114,1.174110926577299e-121
1061,7.180930597144282e-07,2.4264920472938468e-114,1.4079929550066908e-121
1062,7.085820333311346e-07,2.5321073149103172e-114,1.6488223497811177e-121
1063,6.991969789533353e-07,2.5380967276543537e-114,1.8870241078326238e-121
1064,6.899362281022006e-07,4.128063257499977e-114,2.269313761086931e-121
1065,6.807981343976342e-07,5.171033016550318e-114,2.741847603633366e-121
1066,6.717810732655744e-07,6.857058116689952e-114,3.3601527258761697e-121
1067,6.628834416491832e-07,7.553053261839898e-114,4.032195580904502e-121
1068,6.541036577238504e-07,9.349327964563587e-114,4.853046374663904e-121
1069,6.454401606159763e-07,9.764232242556003e-114,5.6989703526038485e-121
1070,6.3689141012548e-07,9.905539157300046e-114,6.545770179899846e-121
1071,6.284558864519819e-07,1.1153630704244154e-113,7.486637338410907e-121
1072,6.201320899246099e-07,1.1763278959552887e-113,8.465788743951257e-121
1073,6.119185407353927e-07,1.1844248633044895e-113,9.438621931519587e-121
1074,6.038137786761752e-07,1.2258443089564845e-113,1.04321395760934e-120
1075,5.958163628790234e-07,1.388807423605539e-113,1.1542826618967867e-120
1076,5.879248715600665e-07,1.7258984975922416e-113,1.2904817920082866e-120
1077,5.80137901766728e-07,1.8256292037816047e-113,1.432642986645126e-120
1078,5.724540691283144e-07,2.0146017204364315e-113,1.5874416111740613e-120
1079,5.648720076098974e-07,2.391487201504665e-113,1.768765641997216e-120
1080,5.573903692694596e-07,2.5618805342719743e-113,1.960436278285521e-120
1081,5.50007824018258e-07,3.8199913218582167e-113,2.242448866213675e-120
1082,5.427230593843606e-07,4.8415237114934736e-113,2.5951424732903107e-120
1083,5.355347802793109e-07,4.886334616469248e-113,2.946385843528781e-120
1084,5.284417087678922e-07,5.050198912799913e-113,3.304600063882566e-120
1085,5.214425838409324e-07,5.233188777621712e-113,3.6708774840919515e-120
1086,5.145361611911212e-07,6.061181858684987e-113,4.089488320826417e-120
1087,5.077212129917981e-07,6.162359083421073e-113,4.509449900217848e-120
1088,5.00996527678668e-07,6.593222177409042e-113,4.952823343644106e-120
1089,4.943609097344072e-07,8.066963192856429e-113,5.4881162008262084e-120
1090,4.878131794761273e-07,1.0562489976656462e-112,6.179719553055516e-120
1091,4.813521728456485e-07,1.1303874669418265e-112,6.910063644947652e-120
1092,4.749767412025529e-07,1.1858049403037431e-112,7.666065478842805e-120
1093,4.686857511199795e-07,1.2066766833636261e-112,8.425184583634119e-120
1094,4.624780841831231e-07,1.468652860610576e-112,9.336875364087304e-120
1095,4.563526367903994e-07,1.5183342030594432e-112,1.0266922992628675e-119
1096,4.5030831995725084e-07,1.836249382980388e-112,1.1376810298169376e-119
1097,4.4434405912254335e-07,1.9894059785444505e-112,1.2563343914385933e-119
1098,4.384587939575313e-07,2.0469796944994231e-112,1.3768045743338382e-119
1099,4.326514781773515e-07,2.749535463626915e-112,1.5364787811946834e-119
1100,4.2692107935501555e-07,2.913872085889795e-112,1.7034552728888882e-119
1101,4.2126657873786087e-07,2.9650250460961184e-112,1.871112632419184e-119
1102,4.1568697106644154e-07,3.0830117359871323e-112,2.0431325917510806e-119
1103,4.1018126439580946e-07,3.464132062207638e-112,2.233857541779551e-119
1104,4.0474847991916697e-07,3.7334880331904353e-112,2.436689900084026e-119
1105,3.993876517938547e-07,4.242294360627591e-112,2.6641120093270855e-119
1106,3.9409782696964093e-07,6.305540865675448e-112,2.9976640753405305e-119
1107,3.888780650192921e-07,7.237972637169118e-112,3.375469017032142e-119
1108,3.8372743797138064e-07,8.871913623187951e-112,3.832428199775404e-119
1109,3.786450301453103e-07,9.359670885717529e-112,4.30812484536554e-119
1110,3.73629937988526e-07,1.2167350219857748e-111,4.9183286719301e-119
1111,3.6868126991588104e-07,1.219174723541528e-111,5.521657774866672e-119
1112,3.6379814615112747e-07,1.3869255957514325e-111,6.198910708522555e-119
1113,3.589796985705135e-07,1.4471761437241623e-111,6.896224947367549e-119
1114,3.542250705484453e-07,1.5281966207688504e-111,7.622825595001302e-119
1115,3.4953341680519633e-07,1.5753839255329552e-111,8.361941184129393e-119
1116,3.449039032566334e-07,1.828795229198622e-111,9.208584413241621e-119
1117,3.403357068659332e-07,1.965953933087359e-111,1.0106670779382877e-118
1118,3.358280154972601e-07,2.1877168261629495e-111,1.1092826004822435e-118
1119,3.3138002777138823e-07,3.0066230213442044e-111,1.2430168234348722e-118
1120,3.269909529232291e-07,3.3187281567613032e-111,1.3886782862420569e-118
1121,3.2266001066124997e-07,3.357849613040319e-111,1.5341048142269235e-118
1122,3.183864310287531e-07,7.356778002682644e-111,1.8485025805575776e-118
1123,3.141694542669933e-07,7.460282932454076e-111,2.1631009781807e-118
1124,3.1000833068010524e-07,7.554375698385867e-111,2.477447887208374e-118
1125,3.059023205018258e-07,1.1755311009479752e-110,2.9601221537460175e-118
1126,3.0185069376397564e-07,1.2294646720696042e-110,3.4582553476059544e-118
1127,2.97852730166686e-07,1.4489272595106193e-110,4.037531191470362e-118
1128,2.9390771895034365e-07,1.5640195618944112e-110,4.654538662895595e-118
1129,2.900149587692301e-07,2.2006816683968583e-110,5.51121125989978e-118
1130,2.8617375756683873e-07,2.3649114792496346e-110,6.419621341664061e-118
1131,2.823834324528391e-07,2.3873332435183372e-110,7.32449825650344e-118
1132,2.7864330958167245e-07,2.458096640393981e-110,8.243856602930979e-118
1133,2.7495272403275566e-07,3.2764104043221304e-110,9.453043891982169e-118
1134,2.713110196922714e-07,3.3036039173994123e-110,1.065611876450559e-117
1135,2.6771754913652246e-07,3.348144262244855e-110,1.1859264546783256e-117
1136,2.6417167351683504e-07,3.513407871155918e-110,1.310507527801822e-117
1137,2.6067276244598215e-07,3.542909658892862e-110,1.434470786087141e-117
1138,2.572201938861137e-07,3.547112141115932e-110,1.556937264654586e-117
1139,2.5381335403817033e-07,3.837019735958902e-110,1.6876583819926852e-117
1140,2.504516372327622e-07,4.1212226789560066e-110,1.8262022173794408e-117
1141,2.471344458224913e-07,4.1967208183249754e-110,1.9654154798779685e-117
1142,2.4386119007570393e-07,4.941329523284802e-110,2.127157832466588e-117
1143,2.4063128807164646e-07,4.9622311480805347e-110,2.287433035764405e-117
1144,2.3744416559701136e-07,5.2353605791679333e-110,2.454290389411253e-117
1145,2.3429925604385344e-07,6.14150548593661e-110,2.6474351821461913e-117
1146,2.3119600030885852e-07,6.356106916193754e-110,2.8446814345453825e-117
1147,2.281338466939441e-07,8.579254305518626e-110,3.1073913803945223e-117
1148,2.251122508081807e-07,8.711505689729374e-110,3.370617877903429e-117
1149,2.2213067547100832e-07,8.794268551870859e-110,3.6328256201307174e-117
1150,2.1918859061673643e-07,1.0182324858923155e-109,3.932398257617857e-117
1151,2.1628547320030924e-07,1.1202330117774088e-109,4.257615054312625e-117
1152,2.1342080710431698e-07,1.6012262303479574e-109,4.7163129037217534e-117
1153,2.1059408304724254e-07,1.885589734800199e-109,5.2493170902349865e-117
1154,2.0780479849291977e-07,2.1892860955034423e-109,5.8599712793531235e-117
1155,2.0505245756119267e-07,2.2497613851617456e-109,6.479182314053096e-117
1156,2.0233657093975775e-07,2.365091194104752e-109,7.12151426730736e-117
1157,1.996566557971741e-07,2.546188500867905e-109,7.803871179242188e-117
1158,1.9701223569702404e-07,3.226494613410132e-109,8.657091900114949e-117
1159,1.9440284051321427e-07,4.0981703391473774e-109,9.726466494655272e-117
1160,1.9182800634639517e-07,4.648995268878835e-109,1.0923505680624231e-116
1161,1.8928727544148886e-07,4.811281538248195e-109,1.2145922850267468e-116
1162,1.867801961063095e-07,5.863033751860738e-109,1.3615831926342384e-116
1163,1.8430632263126145e-07,6.087794006135212e-109,1.512187513767582e-116
1164,1.8186521521009957e-07,6.398532622617413e-109,1.66838256846376e-116
1165,1.794564398617422e-07,8.68419552226239e-109,1.877565329407171e-116
1166,1.7707956835311667e-07,1.121114477389844e-108,2.144039835328723e-116
1167,1.7473417812302795e-07,1.2306118309706166e-108,2.43266633186773e-116
1168,1.7241985220703576e-07,1.6249387097578644e-108,2.808730108656884e-116
1169,1.7013617916332658e-07,2.467972419096411e-108,3.3723343172677046e-116
1170,1.6788275299956632e-07,2.7693425896413757e-108,3.996385222059053e-116
1171,1.6565917310072448e-07,2.893388433700575e-108,4.63975325813086e-116
1172,1.6346504415785157e-07,3.21012148987351e-108,5.344095305237839e-116
1173,1.612999760978012e-07,3.804909336001797e-108,6.167884072714337e-116
1174,1.5916358401388256e-07,3.8985180429976416e-108,7.000760381321748e-116
1175,1.570554880974321e-07,5.6022405897714265e-108,8.181766432348762e-116
1176,1.5497531357028967e-07,6.136203185567826e-108,9.458203788347605e-116
1177,1.5292269061817202e-07,7.946720150089397e-108,1.1089365805760544e-115
1178,1.5089725432492602e-07,9.559332588017965e-108,1.302554772205862e-115
1179,1.488986446076539e-07,1.1421100316592421e-107,1.5308179929526766e-115
1180,1.4692650615269787e-07,1.1429811212582908e-107,1.7562296952048988e-115
1181,1.4498048835247128e-07,1.2167199915890447e-107,1.9930055713572811e-115
1182,1.43060245243129e-07,1.2743288117269758e-107,2.237707683332787e-115
1183,1.411654354430608e-07,1.3267411883488141e-107,2.489099903916533e-115
1184,1.3929572209220068e-07,1.494075225034419e-107,2.7684491434601532e-115
1185,1.374507727921396e-07,1.5292466898230377e-107,3.0505874044611266e-115
1186,1.35630259547032e-07,1.5561094002853176e-107,3.333879181866713e-115
1187,1.3383385870528349e-07,1.6897023211712327e-107,3.637417449072355e-115
1188,1.3206125090201331e-07,2.5737036436999884e-107,4.0936341652851025e-115
1189,1.303121210022768e-07,2.619597507328094e-107,4.551835797819384e-115
1190,1.2858615804504048e-07,2.71852096387457e-107,5.021042446031173e-115
1191,1.2688305518789952e-07,2.855722821028469e-107,5.507401415600795e-115
1192,1.252025096525273e-07,3.1827066429268896e-107,6.042269759517825e-115
1193,1.2354422267084652e-07,3.3210850319629905e-107,6.593000966873737e-115
1194,1.2190789943191535e-07,3.455848699323598e-107,7.158489520567062e-115
1195,1.2029324902951492e-07,4.7124154871940656e-107,7.919379876834652e-115
1196,1.1869998441043226e-07,4.890238680599589e-107,8.698524303701535e-115
1197,1.1712782232342765e-07,5.275673939226187e-107,9.5279457587665e-115
1198,1.1557648326887849e-07,5.404406568923367e-107,1.0366352456469783e-114
1199,1.1404569144908881e-07,6.72638486624597e-107,1.1396021949470425e-114
1200,1.1253517471925912e-07,6.762576071546289e-107,1.2417520378752091e-114
1201,1.1104466453910373e-07,8.409676383970414e-107,1.3670991204964118e-114
1202,1.0957389592510885e-07,8.640510115664437e-107,1.494181031366657e-114
1203,1.0812260740342576e-07,1.3282421767381832e-106,1.6869472938782046e-114
1204,1.0669054096338306e-07,1.8511986596673205e-106,1.9520512413143652e-114
1205,1.0527744201162044e-07,1.8817556396187067e-106,2.2179619334962235e-114
1206,1.0388305932682435e-07,2.4637082527913315e-106,2.5614971463043712e-114
1207,1.0250714501506687e-07,2.661618403450253e-106,2.9277130316788015e-114
1208,1.0114945446573612e-07,2.7778720695897e-106,3.304862097291978e-114
1209,9.980974630804682e-08,2.8599747951208785e-106,3.688015253672901e-114
1210,9.848778236813204e-08,4.0318383673584604e-106,4.221009746994179e-114
1211,9.71833276266978e-08,4.264100808326404e-106,4.777242398731673e-114
1212,9.589615017724404e-08,4.2856588180866876e-106,5.328882737401056e-114
1213,9.462602118483373e-08,4.86470441391507e-106,5.946762948963049e-114
1214,9.337271484541155e-08,5.322668707147591e-106,6.613856392294265e-114
1215,9.213600834566135e-08,6.242257997659125e-106,7.385840496176535e-114
1216,9.0915681823392e-08,6.286135409931745e-106,8.152954272508153e-114
1217,8.971151832845283e-08,6.908744896015448e-106,8.984880112471069e-114
1218,8.852330378416181e-08,7.6549647033455975e-106,9.894454152126029e-114
1219,8.735082694924795e-08,7.825614592014242e-106,1.081198933493609e-113
1220,8.619387938029763e-08,8.587022288976633e-106,1.1805462791111461e-113
1221,8.505225539469533e-08,1.066845848479459e-105,1.3023399600675852e-113
1222,8.392575203405965e-08,1.1367221368797e-105,1.4303920907979803e-113
1223,8.281416902815894e-08,1.1506921425022178e-105,1.5583010738608744e-113
1224,8.171730875930955e-08,1.2490926701587206e-105,1.6953090860616842e-113
1225,8.063497622724119e-08,1.7755726466897746e-105,1.8874850899179906e-113
1226,7.956697901443059e-08,2.165447365509255e-105,2.1187542650031858e-113
1227,7.851312725189432e-08,2.74885670730386e-105,2.4084430135983675e-113
1228,7.747323358543176e-08,2.7712996455895312e-105,2.6966287085302147e-113
1229,7.64471131423195e-08,3.123002094050489e-105,3.0170863377889754e-113
1230,7.543458349844258e-08,3.29840622279409e-105,3.3510597456016874e-113
1231,7.443546464586398e-08,3.892869113600844e-105,3.7400036378036435e-113
1232,7.344957896082341e-08,4.539128774898478e-105,4.187509845976458e-113
1233,7.247675117215756e-08,5.665668309239679e-105,4.738681803235641e-113
1234,7.15168083301423e-08,5.9648400949015726e-105,5.31127235852228e-113
1235,7.056957977574387e-08,7.527127514491581e-105,6.024263369954727e-113
1236,6.96348971102798e-08,1.0127780609185087e-104,6.970889467457577e-113
1237,6.871259416548167e-08,1.0201515099999998e-104,7.911778209270828e-113
1238,6.78025069739519e-08,1.1352404196874017e-104,8.944945974535221e-113
1239,6.690447374001552e-08,1.955507775945367e-104,1.0701056946555173e-112
1240,6.601833481095416e-08,5.38412233763811e-104,1.5472137348765162e-112
1241,6.514393264862478e-08,5.99850162022783e-104,2.0717240136228656e-112
1242,6.42811118014509e-08,9.750370288308732e-104,2.9130062888646227e-112
1243,6.3429718876787e-08,1.0053560601365659e-103,3.7689593252328745e-112
1244,6.258960251364898e-08,1.0457718777412793e-103,4.647529391832892e-112
1245,6.176061335580363e-08,1.1676724270122847e-103,5.615517173741036e-112
1246,6.094260402521776e-08,1.57513861961892e-103,6.903995261555469e-112
1247,6.013542909585568e-08,1.5959764842578863e-103,8.1922274674998575e-112
1248,5.93389450678261e-08,1.7264466735792677e-103,9.567314668250547e-112
1249,5.855301034187113e-08,1.9168186077676223e-103,1.107380897545178e-111
1250,5.777748519419133e-08,2.26529618326128e-103,1.2830603132513975e-111
1251,5.701223175160721e-08,2.571104389018983e-103,1.4798149617453902e-111
1252,5.625711396704659e-08,2.7716528927153113e-103,1.6891074009372114e-111
1253,5.5511997595358796e-08,2.914082358450778e-103,1.9062404483100366e-111
1254,5.477675016944901e-08,2.918998489178364e-103,2.1208590608503315e-111
1255,5.4051240976726876e-08,3.4249919667043034e-103,2.3693453765346743e-111
1256,5.333534103586993e-08,3.5508797928856063e-103,2.6235528399063663e-111
1257,5.262892307389169e-08,3.8609155571597615e-103,2.896294849832254e-111
1258,5.193186150351653e-08,4.723187864600807e-103,3.22553012483981e-111
1259,5.124403240085141e-08,5.133449313413589e-103,3.578623708322024e-111
1260,5.05653134833552e-08,5.195383562726239e-103,3.9312442190891376e-111
1261,4.9895584088099816e-08,7.246139627686918e-103,4.416539490167823e-111
1262,4.923472515031737e-08,7.753839701996568e-103,4.9289589170875035e-111
1263,4.8582619182234295e-08,7.803525612458545e-103,5.4378314794848395e-111
1264,4.793915025218304e-08,9.853946624723291e-103,6.0719023286241255e-111
1265,4.730420396399225e-08,1.1084499653500944e-102,6.77570851976838e-111
1266,4.667766743664983e-08,1.2819844685933786e-102,7.57891861682779e-111
1267,4.6059429284233774e-08,1.2954628556276162e-102,8.379823179214637e-111
1268,4.544937959611125e-08,1.3084575861871735e-102,9.178047321589669e-111
1269,4.484740991739733e-08,1.3254517109029021e-102,9.975929062152708e-111
1270,4.4253413229675097e-08,1.3354850686903488e-102,1.0769202769457275e-110
1271,4.366728393196881e-08,1.354342956653687e-102,1.1563022855494157e-110
1272,4.308891782197055e-08,1.4469701731905225e-102,1.2399901365845864e-110
1273,4.251821207751558e-08,2.1216619123796887e-102,1.361074600703228e-110
1274,4.1955065238301455e-08,4.4656078795195205e-102,1.6125538969553375e-110
1275,4.139937718785167e-08,5.2956940872620605e-102,1.9068292892682493e-110
1276,4.085104913571576e-08,6.0404171200921706e-102,2.2380423046231026e-110
1277,4.030998359990682e-08,6.952185883718797e-102,2.6142011226448666e-110
1278,3.977608438957152e-08,7.784793217656814e-102,3.029830617797925e-110
1279,3.924925658788824e-08,8.958136260555232e-102,3.501770141130687e-110
1280,3.8729406535193856e-08,1.1055014473714197e-101,4.076465126800435e-110
1281,3.8216441812331934e-08,1.6685808675783913e-101,4.9323882491104895e-110
1282,3.77102712242228e-08,2.948625216643456e-101,6.424895609132336e-110
1283,3.721080478365126e-08,3.1313950430751534e-101,7.988922345320451e-110
1284,3.671795369526769e-08,4.691715378682305e-101,1.0301239376089938e-109
1285,3.623163033980305e-08,4.8901273267431635e-101,1.2679422506281024e-109
1286,3.575174825849078e-08,5.4275474388153904e-101,1.5284005267640826e-109
1287,3.527822213769725e-08,5.978400237697324e-101,1.8114933940748766e-109
1288,3.4810967793753694e-08,9.822942058025546e-101,2.270474628766703e-109
1289,3.4349902157990433e-08,1.1998035579858334e-100,2.8236628190204635e-109
1290,3.389494326196924e-08,1.3398294408359032e-100,3.4332301422798544e-109
1291,3.344601022291011e-08,1.7703273371529012e-100,4.227988573877368e-109
1292,3.3003023229312834e-08,1.920511308712331e-100,5.078750104693414e-109
1293,3.256590352676727e-08,2.3632611953791324e-100,6.111778135455016e-109
1294,3.21345734039527e-08,2.624393820284141e-100,7.243758244271967e-109
1295,3.17089561788226e-08,3.521819619980008e-100,8.742705338336607e-109
1296,3.1288976184971305e-08,5.308689742924288e-100,1.0972248823928382e-108
1297,3.08745587581829e-08,5.425901710566546e-100,1.3220837048828184e-108
1298,3.046563022315648e-08,7.090104079789104e-100,1.6120182923361183e-108
1299,3.0062117880409006e-08,7.683948091431933e-100,1.9220750819284856e-108
1300,2.9663949993350024e-08,7.859626100545693e-100,2.2350201536812753e-108
1301,2.9271055775528605e-08,8.561189026762375e-100,2.5713843203103873e-108
1302,2.888336537804922e-08,9.281857817231394e-100,2.9312330349613457e-108
1303,2.8500809877153254e-08,9.577586843456403e-100,3.2976288881886528e-108
1304,2.812332126196652e-08,1.0585534587902636e-99,3.697220767448516e-108
1305,2.7750832422407563e-08,1.0860412154068555e-99,4.101758999488616e-108
1306,2.7383277137257093e-08,1.170024927463678e-99,4.531807845335686e-108
1307,2.7020590062385445e-08,1.7634432543871924e-99,5.171385920971517e-108
1308,2.6662706719135e-08,1.986441703793952e-99,5.8823003190974065e-108
1309,2.63095634828579e-08,2.065220035330218e-99,6.611618805998227e-108
1310,2.596109757160417e-08,2.688557750304922e-99,7.548489532416504e-108
1311,2.5617247034960616e-08,3.172149874002787e-99,8.639234968906148e-108
1312,2.5277950743037505e-08,3.229119688726758e-99,9.734863305467049e-108
1313,2.4943148375600245e-08,3.5072177376810833e-99,1.0909088107160628e-107
1314,2.4612780411346347e-08,3.906616820287571e-99,1.2199709153199068e-107
1315,2.428678811732299e-08,4.495462358782889e-99,1.3665195240234353e-107
1316,2.396511353848616e-08,4.507981913975787e-99,1.5115298423816554e-107
1317,2.3647699487396765e-08,4.690625697603024e-99,1.6604168928636755e-107
1318,2.3334489534054084e-08,5.2118595074697445e-99,1.823657520179996e-107
1319,2.3025427995863885e-08,6.968136069259438e-99,2.0390158053683887e-107
1320,2.2720459927738556e-08,7.895507692678586e-99,2.2798035781588754e-107
1321,2.24195311123296e-08,8.00043300836755e-99,2.5205596609555514e-107
1322,2.2122588050388283e-08,8.13612694957089e-99,2.762156305830436e-107
1323,2.182957795125478e-08,9.323494531655327e-99,3.035344111529535e-107
1324,2.1540448723473234e-08,1.4355603739644673e-98,3.450406573887671e-107
1325,2.125514896553039e-08,2.0787702934572453e-98,4.043479235429798e-107
1326,2.097362795671802e-08,2.361722042859636e-98,4.7083536074700546e-107
1327,2.0695835648115243e-08,2.5620807388229134e-98,5.42007993073438e-107
1328,2.0421722653691043e-08,3.4119773632321735e-98,6.355347262677537e-107
1329,2.015124024152461e-08,3.709510214780323e-98,7.358704533527345e-107
1330,1.9884340325141247e-08,4.478344984847172e-98,8.553974435518905e-107
1331,1.9620975454964126e-08,6.538085153292442e-98,1.0275876383122729e-106
1332,1.9361098809878104e-08,1.0707290830285845e-97,1.3058451202057747e-106
1333,1.91046641889064e-08,1.2078791094650759e-97,1.6155871418210908e-106
1334,1.88516260029965e-08,1.319945139608776e-97,1.9495836654482843e-106
1335,1.860193926691551e-08,1.611016820804368e-97,2.3518331972064994e-106
1336,1.835555959125287e-08,2.1707942957121705e-97,2.8866727917143737e-106
1337,1.811244317452831e-08,2.2119840190556863e-97,3.424442420279186e-106
1338,1.7872546795405348e-08,2.2150446908141472e-97,3.9558236212010395e-106
1339,1.7635827805006906e-08,3.548877977441799e-97,4.795910433068327e-106
1340,1.7402244119333394e-08,3.604091759269888e-97,5.637767469704118e-106
1341,1.717175421178117e-08,4.0243350819332655e-97,6.565336090698087e-106
1342,1.6944317105759486e-08,4.6503182823905305e-97,7.622991022924718e-106
1343,1.671989236740616e-08,5.47812392718909e-97,8.852417551951219e-106
1344,1.649844009839873e-08,5.797216050846921e-97,1.0136224200337569e-105
1345,1.6279920928861788e-08,1.0340050674318757e-96,1.2395723486659603e-105
1346,1.6064296010367388e-08,1.0531025704170474e-96,1.4666475045783792e-105
1347,1.585152700902873e-08,1.1921070249807485e-96,1.7202909257723324e-105
1348,1.56415760986853e-08,2.033935189030247e-96,2.147317470288768e-105
1349,1.5434405954177746e-08,2.2035088898365096e-96,2.6038187254198777e-105
1350,1.522997974471263e-08,3.2910003187268292e-96,3.2765854459256943e-105
1351,1.5028261127314244e-08,3.47140327225643e-96,3.9768321144374894e-105
1352,1.4829214240363726e-08,4.006744081489288e-96,4.7743620506653465e-105
1353,1.4632803697223702e-08,4.0958408723979215e-96,5.578828381028132e-105
1354,1.4438994579946875e-08,4.9425142753475365e-96,6.536732709861355e-105
1355,1.4247752433068722e-08,5.2567696156424764e-96,7.542048616800664e-105
1356,1.4059043257481614e-08,5.833190216459955e-96,8.642825133591608e-105
1357,1.3872833504390605e-08,6.296964023023132e-96,9.815381249541714e-105
1358,1.3689090069349257e-08,6.5610018421711015e-96,1.1020922265334839e-104
1359,1.3507780286373975e-08,6.5675673127126216e-96,1.2211686469478323e-104
1360,1.332887192213702e-08,7.194216313373741e-96,1.3498791942070839e-104
1361,1.3152333170235674e-08,9.087377402584536e-96,1.5103066206779605e-104
1362,1.297813264553807e-08,1.3372885712427889e-95,1.7432629914605642e-104
1363,1.2806239378603186e-08,1.4064904992193339e-95,1.9850292382842503e-104
1364,1.2636622810175241e-08,2.38462573474887e-95,2.38950127239732e-104
1365,1.2469252785750989e-08,2.5118582679944783e-95,2.8099110520618167e-104
1366,1.2304099550218518e-08,3.0437103570605825e-95,3.312589665554064e-104
1367,1.2141133742567736e-08,3.391571655073149e-95,3.86529987952856e-104
1368,1.1980326390670247e-08,4.121782018921919e-95,4.52811273109008e-104
1369,1.1821648906128812e-08,4.512267437096356e-95,5.244107977586758e-104
1370,1.166507307919501e-08,4.6064766633778184e-95,5.965370870406397e-104
1371,1.1510571073753813e-08,4.860236378646261e-95,6.71628713782551e-104
1372,1.1358115422375186e-08,5.1324778211296445e-95,7.498762387232182e-104
1373,1.1207679021430609e-08,9.554169961861181e-95,8.936057330307367e-104
1374,1.105923512627489e-08,1.0242755755470449e-94,1.0456531891778062e-103
1375,1.0912757346491217e-08,1.2367372873113938e-94,1.2268077211988617e-103
1376,1.0768219641199581e-08,1.2585962838428605e-94,1.4087223399540884e-103
1377,1.0625596314427333e-08,1.702632271819379e-94,1.65155741883076e-103
1378,1.0484862010540663e-08,1.733824930876107e-94,1.8955660635389616e-103
1379,1.0345991709737186e-08,2.1659372074904749e-94,2.1963504150646077e-103
1380,1.0208960723597638e-08,2.2643195022379594e-94,2.506632349391286e-103
1381,1.0073744690696871e-08,2.269993445652618e-94,2.813571857823175e-103
1382,9.940319572272985e-09,2.3163716741369373e-94,3.122634022758632e-103
1383,9.808661647953444e-09,3.696898239555021e-94,3.6093599713990115e-103
1384,9.67874751153835e-09,4.263994517832716e-94,4.1633131368619427e-103
1385,9.550554066839031e-09,4.460442336905672e-94,4.735112604912559e-103
1386,9.424058523572099e-09,5.270484766484813e-94,5.401805438729146e-103
1387,9.299238393307883e-09,6.845634827990258e-94,6.256278469700143e-103
1388,9.176071485472187e-09,6.863291977034469e-94,7.101608920085018e-103
1389,9.054535903401516e-09,7.288166717050641e-94,7.987380504269866e-103
1390,8.934610040450007e-09,8.848449446402429e-94,9.048538439912474e-103
1391,8.816272576148456e-09,1.178556520536668e-93,1.044321234167616e-102
1392,8.699502472413724e-09,1.3961814634992502e-93,1.2073534884929333e-102
1393,8.584278969808686e-09,1.4926343864044158e-93,1.3793400506031718e-102
1394,8.47058158385169e-09,1.5174656971343671e-93,1.5518719336467596e-102
1395,8.358390101374608e-09,2.0146355213839317e-93,1.7778968794418109e-102
1396,8.247684576929578e-09,2.5060171930147953e-93,2.0553268270627774e-102
1397,8.138445329242869e-09,2.56676499156128e-93,2.335718303729513e-102
1398,8.030652937716047e-09,3.114340736261072e-93,2.671420539720497e-102
1399,7.924288238973441e-09,3.606712396337246e-93,3.0550474172081304e-102
1400,7.81933232345508e-09,4.450696847732168e-93,3.522174379556542e-102
1401,7.715766532055164e-09,4.736985292785619e-93,4.0127640102536504e-102
1402,7.61357245280465e-09,4.8568396055545695e-93,4.509104261810729e-102
1403,7.512731917598046e-09,5.2815405308553185e-93,5.0416976356575526e-102
1404,7.413226998963554e-09,5.435009732895566e-93,5.582507836906997e-102
1405,7.315040006875738e-09,5.592405788899747e-93,6.1316093398535525e-102
1406,7.218153485610789e-09,5.9993759630800765e-93,6.712868006676931e-102
1407,7.1225502106430335e-09,6.092065773960183e-93,7.295289445986501e-102
1408,7.028213185582953e-09,6.203934509257669e-93,7.880550171257442e-102
1409,6.9351256391553835e-09,6.452705756656579e-93,8.481216717963655e-102
1410,6.843271022217988e-09,9.368779012540742e-93,9.341782325331698e-102
1411,6.752633004819214e-09,1.1117877110548006e-92,1.034948466431498e-101
1412,6.6631954732949795e-09,1.943300434705013e-92,1.2087524603214855e-101
1413,6.574942527404171e-09,2.0107038408986798e-92,1.3862029975947572e-101
1414,6.487858477501725e-09,2.022351698124621e-92,1.5623175737945383e-101
1415,6.401927841749388e-09,2.2029950394388492e-92,1.751622338092763e-101
1416,6.317135343363417e-09,2.2268327867061706e-92,1.940441053565373e-101
1417,6.233465907898511e-09,2.2637267564379463e-92,2.1298457933233392e-101
1418,6.150904660568042e-09,2.678917228869419e-92,2.351020541233881e-101
1419,6.0694369235994405e-09,3.508364433176529e-92,2.6368390520659045e-101
1420,5.989048213624943e-09,3.722143714668874e-92,2.9360573836278193e-101
1421,5.909724239106586e-09,4.6454539621181435e-92,3.304553255345081e-101
1422,5.831450897795513e-09,4.757756689851878e-92,3.676958768604896e-101
1423,5.7542142742249366e-09,4.979079537649426e-92,4.0615260605822856e-101
1424,5.678000637236091e-09,6.613856857000338e-92,4.5655921461778966e-101
1425,5.602796437537268e-09,6.829715544141908e-92,5.079215437845701e-101
1426,5.528588305294875e-09,6.877533878395056e-92,5.5895843813951804e-101
1427,5.4553630477566024e-09,7.530984665876288e-92,6.14104267307075e-101
1428,5.38310764690607e-09,7.632605534773908e-92,6.692539645519827e-101
1429,5.311809257148341e-09,9.704053645547308e-92,7.384423044569971e-101
1430,5.241455203026379e-09,9.868869745250191e-92,8.078738040749897e-101
1431,5.17203297696747e-09,1.1792900684291024e-91,8.897427457945015e-101
1432,5.103530237059677e-09,1.5452266060166836e-91,9.955950020850636e-101
1433,5.035934804857745e-09,2.3183728159949827e-91,1.152306414587455e-100
1434,4.969234663217883e-09,2.6463522523922647e-91,1.328818484650987e-100
1435,4.9034179541614946e-09,3.033736203130106e-91,1.5284890176862337e-100
1436,4.838472976766925e-09,3.852745218349833e-91,1.778705468799001e-100
1437,4.774388185089398e-09,4.2758120848369006e-91,2.0527199955080258e-100
1438,4.711152186108259e-09,4.3136841088054093e-91,2.325500119417399e-100
1439,4.648753737701569e-09,5.28733018058255e-91,2.6554213188996147e-100
1440,4.587181746647524e-09,5.468673330253355e-91,2.992138424267469e-100
1441,4.526425266652183e-09,6.129642893834727e-91,3.3645539501253205e-100
1442,4.466473496403561e-09,8.028723910341376e-91,3.8458901613877295e-100
1443,4.407315777651253e-09,1.2929464810195837e-90,4.610767804247151e-100
1444,4.348941593311659e-09,1.5540727226313269e-90,5.517945080127307e-100
1445,4.2913405655982966e-09,1.6068160459715596e-90,6.443487636070144e-100
1446,4.234502454176721e-09,1.7429133985172954e-90,7.434126695500976e-100
1447,4.178417154344124e-09,1.9460311116325675e-90,8.525564079295713e-100
1448,4.12307469523279e-09,2.074223331959517e-90,9.673490278663166e-100
1449,4.068465238037592e-09,2.158927126099238e-90,1.0852468663465852e-99
1450,4.014579074266741e-09,2.2037324687320974e-90,1.2039975550638245e-99
1451,3.961406624015851e-09,2.2748579725891942e-90,1.3249573274391634e-99
1452,3.908938434264864e-09,2.625033846398995e-90,1.4626881013947894e-99
1453,3.857165177197384e-09,2.7575519302793895e-90,1.6054555463580696e-99
1454,3.8060776485424915e-09,4.166277005449104e-90,1.8183003422581712e-99
1455,3.7556667659383025e-09,4.192868692087963e-90,2.029666553669797e-99
1456,3.7059235673173494e-09,4.329681602515343e-90,2.245038765589204e-99
1457,3.6568392093133362e-09,4.38538695931056e-90,2.4602926690861343e-99
1458,3.6084049656888712e-09,4.532321706448015e-90,2.6798122428006884e-99
1459,3.560612225784216e-09,4.949186863428807e-90,2.9163474433040772e-99
1460,3.5134524929863886e-09,6.27696434318715e-90,3.2123674045102737e-99
1461,3.4669173832186716e-09,7.455143264382211e-90,3.559293314652356e-99
1462,3.420998623450125e-09,9.217447312462776e-90,3.982547063472569e-99
1463,3.375688050224715e-09,9.645168410490504e-90,4.419575173007511e-99
1464,3.3309776082101105e-09,1.0500122600556727e-89,4.88904029568594e-99
1465,3.2868593487655063e-09,1.0519253385860182e-89,5.353131445726851e-99
1466,3.243325428528606e-09,1.136282062079131e-89,5.847799572298585e-99
1467,3.200368108021142e-09,1.6728050826962102e-89,6.566391813137548e-99
1468,3.157979750272984e-09,1.6734064625267688e-89,7.27572133105419e-99
1469,3.1161528194644704e-09,1.6911534813466733e-89,7.983078927562829e-99
1470,3.074879879586606e-09,1.7246092484907076e-89,8.694875865820487e-99
1471,3.0341535931191765e-09,1.9863367378106963e-89,9.503837055869068e-99
1472,2.9939667197262016e-09,2.2010399441770484e-89,1.0388366191564304e-98
1473,2.954312114968781e-09,2.3814938866898762e-89,1.1332738179653311e-98
1474,2.9151827290349824e-09,2.5030729606789702e-89,1.2312175258641941e-98
1475,2.8765716054864506e-09,2.6538424667935328e-89,1.3336853652278996e-98
1476,2.8384718800217715e-09,2.959849718580961e-89,1.446454826922542e-98
1477,2.800876779256062e-09,3.7232481787752375e-89,1.5864307173793415e-98
1478,2.763779619516827e-09,4.245464524116116e-89,1.7439253929977324e-98
1479,2.7271738056557604e-09,4.332834495796373e-89,1.9025323260416628e-98
1480,2.6910528298761902e-09,4.579911239612247e-89,2.067963189000278e-98
1481,2.6554102705761956e-09,5.390689438404403e-89,2.2601011569764616e-98
1482,2.620239791206898e-09,5.50551077644896e-89,2.4537326101570052e-98
1483,2.585535139146019e-09,5.572060815529654e-89,2.6471090420220186e-98
1484,2.551290144586224e-09,5.7142423537156155e-89,2.8427932403383615e-98
1485,2.517498719438278e-09,6.870702533051973e-89,3.07496407069779e-98
1486,2.48415485624873e-09,7.500305482672181e-89,3.325053230591829e-98
1487,2.451252627131841e-09,7.559760344341682e-89,3.5737861975101285e-98
1488,2.418786182715797e-09,8.344761410673001e-89,3.844710930014894e-98
1489,2.386749751102739e-09,8.473884229107621e-89,4.11618394261767e-98
1490,2.3551376368426624e-09,1.022157090764343e-88,4.43930941006757e-98
1491,2.3239442199209016e-09,1.0838564516594614e-88,4.777401271867108e-98
1492,2.2931639547589417e-09,1.259420378551488e-88,5.1650542038890154e-98
1493,2.2627913692285915e-09,1.2765277581874977e-88,5.552768689063175e-98
1494,2.23282106367908e-09,1.3742989836316736e-88,5.964650293621418e-98
1495,2.2032477099771687e-09,1.6040073020861592e-88,6.439009046471843e-98
1496,2.174066050559858e-09,1.689577023520521e-88,6.93205565906874e-98
1497,2.145270897499719e-09,1.722882973950939e-88,7.428162448464984e-98
1498,2.1168571315826065e-09,2.0087750462328017e-88,7.998931087902942e-98
1499,2.0888197013975065e-09,2.3877462073507038e-88,8.66839376378627e-98
1500,2.061153622438558e-09,3.112801873840508e-88,9.529583988038617e-98
1501,2.0338539762188498e-09,3.615143245706068e-88,1.0516505304452045e-97
1502,2.0069159093960354e-09,3.8720534595286333e-88,1.1559561652794963e-97
1503,1.980334632909523e-09,4.13172831472242e-88,1.2657827779802846e-97
1504,1.9541054211290257e-09,4.492754689716749e-88,1.3836241922146882e-97
1505,1.928223611014493e-09,4.599388669522188e-88,1.502664696402194e-97
1506,1.902684601287064e-09,5.495315133250667e-88,1.64300960304557e-97
1507,1.877483851611073e-09,6.450367542045535e-88,1.8055637007907997e-97
1508,1.8526168817868837e-09,7.657715380402415e-88,1.9959878780774948e-97
1509,1.828079270954355e-09,8.769343599305112e-88,2.2111666185739697e-97
1510,1.8038666568069477e-09,9.620902059973153e-88,2.4441138079020964e-97
1511,1.7799747348161412e-09,1.0810246008852368e-87,2.7023913622470244e-97
1512,1.7563992574662243e-09,1.0902949052048506e-87,2.959433590670893e-97
1513,1.7331360334991251e-09,1.1472166846218713e-87,3.226313177402408e-97
1514,1.7101809271693069e-09,1.188509368265531e-87,3.4991367666276117e-97
1515,1.6875298575085319e-09,1.2086250662358826e-87,3.7729032723182895e-97
1516,1.665178797600302e-09,1.2709032615690898e-87,4.0569636216872445e-97
1517,1.643123773864e-09,1.5294947392024586e-87,4.3942940494638374e-97
1518,1.6213608653484237e-09,1.5550935789277068e-87,4.732727642377476e-97
1519,1.5998862030347354e-09,1.6305747354340892e-87,5.082888060584262e-97
1520,1.5786959691486425e-09,1.7718336953107253e-87,5.458343764693207e-97
1521,1.5577863964816331e-09,1.8726043488254002e-87,5.849897331776432e-97
1522,1.5371537677212846e-09,2.009100101432225e-87,6.264427497128729e-97
1523,1.5167944147903536e-09,2.228122866652986e-87,6.718058895285387e-97
1524,1.4967047181947082e-09,2.3911230796150427e-87,7.1984282672085e-97
1525,1.4768811063798148e-09,2.392652718797536e-87,7.672738454261417e-97
1526,1.4573200550958014e-09,2.396559648029155e-87,8.141530716064372e-97
1527,1.4380180867709308e-09,2.9664476409849744e-87,8.714113500101161e-97
1528,1.418971769893321e-09,2.9943040470654464e-87,9.284418137184344e-97
1529,1.400177718400929e-09,3.024892386788897e-87,9.852917969946894e-97
1530,1.3816325910795407e-09,3.1270348093013798e-87,1.0432830556715967e-96
1531,1.3633330909687844e-09,3.53543963330673e-87,1.1079798336328652e-96
1532,1.3452759647760093e-09,3.8976428419659287e-87,1.1783600622846107e-96
1533,1.3274580022978795e-09,4.0178789452257123e-87,1.24995047857231e-96
1534,1.3098760358497027e-09,4.069133230681984e-87,1.3214938425073218e-96
1535,1.2925269397022434e-09,4.261081961531762e-87,1.3954197631501408e-96
1536,1.2754076295260442e-09,4.500179345419465e-87,1.472459729212902e-96
1537,1.2585150618431055e-09,6.10529598083177e-87,1.5755938547934762e-96
1538,1.2418462334857837e-09,6.406749922037054e-87,1.6823868695721961e-96
1539,1.225398181062923e-09,6.636927793663566e-87,1.7915514058491157e-96
1540,1.2091679804329854e-09,7.035477319868881e-87,1.905738614277964e-96
1541,1.1931527461842322e-09,7.105553699782017e-87,2.019535721247068e-96
1542,1.1773496311217238e-09,8.975689817491594e-87,2.1613795801982726e-96
1543,1.1617558257611563e-09,1.1043015635296745e-86,2.3335822166087932e-96
1544,1.1463685578294037e-09,1.1315564879387928e-86,2.5076978452070658e-96
1545,1.1311850917716326e-09,1.2220350743650343e-86,2.693245125937338e-96
1546,1.1162027282650065e-09,1.3039163903245082e-86,2.888602619358233e-96
1547,1.1014188037387713e-09,1.5338482511353495e-86,3.115365587153062e-96
1548,1.0868306899007371e-09,1.74483210149511e-86,3.369903680401733e-96
1549,1.0724357932700296e-09,2.0829979282274883e-86,3.66974907898986e-96
1550,1.0582315547159941e-09,2.622760600500946e-86,4.0422922513862665e-96
1551,1.0442154490032626e-09,3.524670660365983e-86,4.536313817168795e-96
1552,1.0303849843427894e-09,3.5897904734351126e-86,5.032798519982273e-96
1553,1.0167377019488719e-09,3.843984554105976e-86,5.557397947259685e-96
1554,1.0032711756020369e-09,3.960165093604823e-86,6.090694622968141e-96
1555,9.899830112176813e-10,4.122973485137299e-86,6.63856211719658e-96
1556,9.768708464204793e-10,4.790072557936304e-86,7.266644324898737e-96
1557,9.639323501243702e-10,5.1640191720677854e-86,7.934790754207089e-96
1558,9.511652221181648e-10,6.568761753320677e-86,8.773432975676201e-96
1559,9.385671926565884e-10,6.657307932400864e-86,9.612122590347926e-96
1560,9.261360220567754e-10,7.455426655811264e-86,1.0538919396875759e-95
1561,9.138695003001073e-10,7.530680308505868e-86,1.146267193534375e-95
1562,9.017654466392916e-10,9.002682207018932e-86,1.2552361420594032e-95
1563,8.898217092106936e-10,9.096802446978358e-86,1.3638859619259405e-95
1564,8.780361646517548e-10,1.0240970995318255e-85,1.4845813819180641e-95
1565,8.6640671772351e-10,1.0242481915291164e-85,1.6036957817654495e-95
1566,8.549313009381047e-10,1.0746770078539288e-85,1.727019447513611e-95
1567,8.436078741912141e-10,1.2437173265204438e-85,1.8678508679205392e-95
1568,8.324344243993771e-10,1.460365419680645e-85,2.0310240648659064e-95
1569,8.214089651420854e-10,2.2048006602701385e-85,2.2741134633684877e-95
1570,8.105295363086609e-10,2.2515328648752046e-85,2.5190673790637495e-95
1571,7.997942037497652e-10,2.459542722944109e-85,2.7831074697999187e-95
1572,7.892010589335551e-10,2.7302389078612835e-85,3.072325631138178e-95
1573,7.787482186063916e-10,3.0742494742159466e-85,3.3936720199366344e-95
1574,7.684338244580138e-10,3.2740454965735976e-85,3.7313699770504495e-95
1575,7.582560427911907e-10,3.5727297377171305e-85,4.094994609300961e-95
1576,7.482130641957064e-10,3.64402130444611e-85,4.4609628889213703e-95
1577,7.383031032266904e-10,3.7456684723326697e-85,4.832157172558275e-95
1578,7.285243980872087e-10,4.252626505033237e-85,5.248008979168923e-95
1579,7.18875210315032e-10,4.8725437884361246e-85,5.7181698785966545e-95
1580,7.093538244735923e-10,5.912910454329389e-85,6.281160897412181e-95
1581,6.999585478469937e-10,5.95597466721304e-85,6.840741193206982e-95
1582,6.906877101390885e-10,6.837420500822988e-85,7.47462735124532e-95
1583,6.815396631765388e-10,7.267491096141657e-85,8.139460849719475e-95
1584,6.725127806157859e-10,8.471936771077088e-85,8.904212632665848e-95
1585,6.636054576539378e-10,1.5083547949585194e-84,1.0247752962640612e-94
1586,6.548161107434483e-10,1.576416683671065e-84,1.1633320273467457e-94
1587,6.461431773106108e-10,1.7425434845752609e-84,1.314461663802204e-94
1588,6.375851154777482e-10,2.044650275519171e-84,1.4894440986469305e-94
1589,6.291404037891037e-10,2.0526506044827287e-84,1.6627845241707149e-94
1590,6.208075409403624e-10,2.0682787911991762e-84,1.8351313591709466e-94
1591,6.125850455117333e-10,2.0752581712227515e-84,2.0057693674319896e-94
1592,6.044714557045996e-10,2.9028407180996384e-84,2.2412939560530482e-94
1593,5.964653290816243e-10,2.906627503299935e-84,2.4740022344254683e-94
1594,5.885652423103191e-10,3.0477336851428607e-84,2.71477584011005e-94
1595,5.807697909100112e-10,4.0165827440417305e-84,3.027886595874977e-94
1596,5.730775890021381e-10,5.046372350331061e-84,3.4160637460855256e-94
1597,5.654872690638832e-10,5.303444778886113e-84,3.818612172551654e-94
1598,5.579974816850402e-10,6.194988837847247e-84,4.2826036646494724e-94
1599,5.506068953281303e-10,6.328965348876965e-84,4.7503513142571286e-94
1600,5.433141960916677e-10,6.431648514281385e-84,5.219392096350084e-94
1601,5.361180874765789e-10,6.583636698922413e-84,5.693157744027387e-94
1602,5.290172901557167e-10,7.87889277446869e-84,6.252621951070469e-94
1603,5.220105417464074e-10,1.3668792136565134e-83,7.210359826671041e-94
1604,5.150965965860388e-10,1.3767191369568847e-83,8.162215888086021e-94
1605,5.082742255105933e-10,1.499146640884095e-83,9.184989356147918e-94
1606,5.015422156361316e-10,1.6696267053090903e-83,1.0308983702828491e-93
1607,4.948993701431712e-10,1.7236772497327395e-83,1.1453995867799042e-93
1608,4.883445080639031e-10,1.9586053896662458e-83,1.2737834687496375e-93
1609,4.818764640722528e-10,2.4434185000179894e-83,1.4318248522309243e-93
1610,4.754940882766959e-10,2.575775812137779e-83,1.596220544212616e-93
1611,4.691962460158351e-10,2.596285245143153e-83,1.759730493593734e-93
1612,4.629818176566848e-10,2.7719739736639817e-83,1.9319928303213745e-93
1613,4.5684969839561065e-10,2.8851751678231682e-83,2.1089152125031865e-93
1614,4.5079879806193e-10,2.9314100685823556e-83,2.2862919141245842e-93
1615,4.4482804092408814e-10,4.09277247118539e-83,2.530661418583513e-93
1616,4.389363654984271e-10,4.836900954029766e-83,2.815635923455648e-93
1617,4.331227243604635e-10,4.974981926994909e-83,3.1048635193696796e-93
1618,4.273860839586817e-10,5.579358669811392e-83,3.4249312629823947e-93
1619,4.2172542443079333e-10,6.04331212284241e-83,3.767022586464107e-93
1620,4.161397394224149e-10,6.307526351648779e-83,4.119341140287673e-93
1621,4.1062803590816986e-10,6.999298135367315e-83,4.5051217015871996e-93
1622,4.0518933401513773e-10,7.720654671886262e-83,4.9250250933815514e-93
1623,3.9982266684865623e-10,8.30804168501766e-83,5.3708900386689905e-93
1624,3.945270803204309e-10,8.866275051107073e-83,5.840411305830821e-93
1625,3.893016329789065e-10,9.433369762253579e-83,6.333347075288669e-93
1626,3.8414539584190693e-10,1.0623534752660647e-82,6.88112171946741e-93
1627,3.790574522314707e-10,1.1074835208089275e-82,7.4446030898037295e-93
1628,3.7403689761088746e-10,1.3472719317623374e-82,8.121008322022883e-93
1629,3.690828394238933e-10,1.3503071685237218e-82,8.78995835034107e-93
1630,3.641943969359823e-10,1.3902420594118465e-82,9.469570185512043e-93
1631,3.593707010778398e-10,1.5308466336896386e-82,1.0208004042150053e-92
1632,3.546108942908284e-10,1.531127897366778e-82,1.0936791337916938e-92
1633,3.499141303745413e-10,1.5621408481354093e-82,1.1670492014684992e-92
1634,3.452795743363552e-10,1.6059757067940312e-82,1.2414790455595239e-92
1635,3.407064022429891e-10,1.6116696743123924e-82,1.3151834733424228e-92
1636,3.361938010740287e-10,1.669020238214738e-82,1.3904997001222866e-92
1637,3.317409685773787e-10,1.6739674841273666e-82,1.4650386682388644e-92
1638,3.273471131266476e-10,1.8696583011247446e-82,1.5471887514128806e-92
1639,3.2301145358040403e-10,1.940343509651579e-82,1.6313154400190068e-92
1640,3.1873321914330844e-10,2.179627043716532e-82,1.724564994803536e-92
1641,3.1451164922908415e-10,2.2213264098573192e-82,1.818339842218791e-92
1642,3.1034599332529227e-10,2.498252458588162e-82,1.922408443251595e-92
1643,3.062355108599141e-10,2.6148181444768168e-82,2.0298900845818415e-92
1644,3.0217947106968314e-10,2.7182860938866246e-82,2.1401448501621975e-92
1645,2.9817715287017845e-10,2.9379856301402296e-82,2.2577323837361323e-92
1646,2.942278447276223e-10,2.94644265038522e-82,2.3740964832435433e-92
1647,2.903308445323868e-10,3.1249175189538466e-82,2.4958745250581226e-92
1648,2.864854594741755e-10,3.7388176548496186e-82,2.639646460511476e-92
1649,2.826910059188483e-10,4.347999553866974e-82,2.8046292841687916e-92
1650,2.7894680928689246e-10,7.007861923768775e-82,3.0670174142906587e-92
1651,2.7525220393348895e-10,7.383954743912187e-82,3.339825401552131e-92
1652,2.7160653303017657e-10,8.358599585049151e-82,3.644552434548657e-92
1653,2.680091484480837e-10,8.49352670662341e-82,3.950097254768666e-92
1654,2.6445941064269705e-10,9.238523031002574e-82,4.2780405994595195e-92
1655,2.609566885401705e-10,9.636627601490871e-82,4.6155848843951144e-92
1656,2.575003594251263e-10,9.83269370420204e-82,4.9554351396865655e-92
1657,2.5408980882995104e-10,1.0168155313839523e-81,5.302225221261066e-92
1658,2.5072443042555814e-10,1.1392139547588815e-81,5.6856138253939235e-92
1659,2.4740362591358807e-10,1.257507843788395e-81,6.1032075975429494e-92
1660,2.441268049200499e-10,1.3775453275681608e-81,6.554604542435526e-92
1661,2.40893384890357e-10,1.3795870277741924e-81,7.000682975266479e-92
1662,2.3770279098576767e-10,1.4670462507811305e-81,7.468757857815773e-92
1663,2.3455445598118357e-10,1.6714742230965955e-81,7.994993938399274e-92
1664,2.3144782016431105e-10,1.8784218788121344e-81,8.57855120719075e-92
1665,2.2838233123615781e-10,1.9004318529457037e-81,9.16112648758223e-92
1666,2.25357444212839e-10,2.0028501602093908e-81,9.766966033509167e-92
1667,2.2237262132869638e-10,2.0516241607087499e-81,1.0379339507963505e-91
1668,2.1942733194068838e-10,2.7202700653532875e-81,1.1180537763563592e-91
1669,2.1652105243405476e-10,4.294527779958537e-81,1.242864757131982e-91
1670,2.1365326612923032e-10,5.191230945990775e-81,1.3917381672529137e-91
1671,2.1082346318998407e-10,5.537023932061153e-81,1.5484250332291485e-91
1672,2.080311405327864e-10,6.111513363218201e-81,1.7190782055679534e-91
1673,2.0527580173736468e-10,6.798886901192645e-81,1.90641057401336e-91
1674,2.0255695695845541e-10,6.882866146770187e-81,2.093545020884135e-91
1675,1.9987412283871416e-10,9.205933507672029e-81,2.3405249460686525e-91
1676,1.972268224227863e-10,1.0136470178648483e-80,2.6088677632684185e-91
1677,1.9461458507251581e-10,1.136783940149316e-80,2.905822710032987e-91
1678,1.920369463832702e-10,1.164252218146811e-80,3.2059248661865107e-91
1679,1.8949344810138384e-10,1.3061672630632314e-80,3.538148285132265e-91
1680,1.8698363804268472e-10,1.3802029489557738e-80,3.884553009565804e-91
1681,1.845070700121071e-10,1.4235213780169963e-80,4.2370977631298734e-91
1682,1.820633037243686e-10,1.4243839670240798e-80,4.585183915070742e-91
1683,1.7965190472569158e-10,1.480416065075336e-80,4.942171296765544e-91
1684,1.7727244431657098e-10,1.795127377575055e-80,5.369314749192378e-91
1685,1.7492449947555533e-10,1.8653519310531528e-80,5.807289093511861e-91
1686,1.7260765278404397e-10,1.9320020574828183e-80,6.254904350999082e-91
1687,1.703214923520798e-10,1.9638759817475673e-80,6.703877907274688e-91
1688,1.680656117451192e-10,2.0636626089685232e-80,7.16941555316287e-91
1689,1.6583960991178068e-10,2.1062746644829226e-80,7.638272679628216e-91
1690,1.6364309111254102e-10,2.2159886960413788e-80,8.125018762603963e-91
1691,1.6147566484938532e-10,2.9380494914431058e-80,8.761819325624467e-91
1692,1.5933694579637995e-10,3.645321476692151e-80,9.541451175277584e-91
1693,1.5722655373117095e-10,3.887421130199054e-80,1.0361849446007373e-90
1694,1.5514411346738957e-10,3.903866043594437e-80,1.117480622936637e-90
1695,1.5308925478794762e-10,3.927153744580791e-80,1.198178082512185e-90
1696,1.5106161237922449e-10,3.946703724443454e-80,1.278203120975656e-90
1697,1.4906082576611776e-10,4.898372005956168e-80,1.3762090923309945e-90
1698,1.4708653924795941e-10,5.548694473354972e-80,1.4857562192522388e-90
1699,1.4513840183528086e-10,6.7321385084105394e-80,1.6169075282079246e-90
1700,1.4321606718741005e-10,8.276547125928431e-80,1.7760104612570022e-90
1701,1.4131919355090322e-10,8.603394058242807e-80,1.9392059749926053e-90
1702,1.3944744369878414e-10,8.99985116989325e-80,2.10766067595602e-90
1703,1.3760048487059326e-10,1.1669006350812276e-79,2.3231824189145007e-90
1704,1.3577798871323105e-10,1.2491797304539768e-79,2.5508449447752146e-90
1705,1.339796312225796e-10,1.2670060943592993e-79,2.7786979348244225e-90
1706,1.3220509268590515e-10,1.2739681198395838e-79,3.004768487139426e-90
1707,1.3045405762501538e-10,1.3250840037501589e-79,3.236795342058499e-90
1708,1.2872621474017747e-10,1.6235903769817662e-79,3.517326250134423e-90
1709,1.2702125685477184e-10,1.7060666977355908e-79,3.8082034370676484e-90
1710,1.2533888086068347e-10,1.7380614515123474e-79,4.100610723295124e-90
1711,1.2367878766441673e-10,1.9647425799657083e-79,4.426776302236787e-90
1712,1.2204068213391909e-10,2.0514179695579326e-79,4.762820214366298e-90
1713,1.2042427304611603e-10,2.0713035004789696e-79,5.097627594543547e-90
1714,1.1882927303513432e-10,2.5156289473585478e-79,5.498870414409826e-90
1715,1.1725539854121516e-10,2.7272779108952666e-79,5.928109728588545e-90
1716,1.1570236976030416e-10,2.812647297668885e-79,6.364921948971677e-90
1717,1.1416991059430468e-10,3.129973997769738e-79,6.8445776831939044e-90
1718,1.1265774860199635e-10,3.444464181067042e-79,7.365436465041606e-90
1719,1.1116561495059705e-10,3.5016743373942954e-79,7.887933076548343e-90
1720,1.0969324436797297e-10,3.713902315137796e-79,8.434757128103178e-90
1721,1.0824037509547559e-10,3.7374604701180553e-79,8.977761275523993e-90
1722,1.0680674884140736e-10,4.170645269705745e-79,9.575675931029555e-90
1723,1.0539211073510358e-10,4.174614631713749e-79,1.0166232824745111e-89
1724,1.039962092816188e-10,4.6317361691080546e-79,1.081277754980671e-89
1725,1.026187963170189e-10,5.3833041646736035e-79,1.1554280844687315e-89
1726,1.0125962696425979e-10,5.55686420187897e-79,1.2309552796751125e-89
1727,9.991845958965425e-11,5.676782301040127e-79,1.3070904318240446e-89
1728,9.859505575991516e-11,5.767652255026688e-79,1.3834197626531008e-89
1729,9.728918019976438e-11,8.180244495308269e-79,1.4902435762779114e-89
1730,9.600060075010806e-11,9.405689578715055e-79,1.611443359287699e-89
1731,9.472908832676101e-11,9.405703959324774e-79,1.731038053633759e-89
1732,9.3474416879721e-11,1.244108422833329e-78,1.8871327851488554e-89
1733,9.22363633529825e-11,1.2533699336515762e-78,2.042306691815389e-89
1734,9.101470764487935e-11,1.3167376099303257e-78,2.2031666935399365e-89
1735,8.980923256895767e-11,1.7397981138109573e-78,2.4128950198734025e-89
1736,8.861972381536172e-11,1.941394874799199e-78,2.6438256396493995e-89
1737,8.744596991273637e-11,2.1009138451770803e-78,2.890421222135022e-89
1738,8.628776219062947e-11,2.322210879727879e-78,3.159381479461171e-89
1739,8.514489474239523e-11,2.531355767547024e-78,3.448681890124119e-89
1740,8.401716438858898e-11,2.8667867491770774e-78,3.7719781336177726e-89
1741,8.29043706408437e-11,2.953634973215116e-78,4.100656786749331e-89
1742,8.180631566622958e-11,3.0406414455463875e-78,4.434535933279339e-89
1743,8.072280425208101e-11,3.2144988000502565e-78,4.7828305473414714e-89
1744,7.965364377129263e-11,3.9024001979707844e-78,5.200059754530585e-89
1745,7.85986441480747e-11,5.706676939072088e-78,5.8021139565853344e-89
1746,7.755761782415948e-11,5.746961835933841e-78,6.40038781195966e-89
1747,7.653037972545925e-11,5.774237591967137e-78,6.993539496501231e-89
1748,7.551674722916151e-11,6.152421421578006e-78,7.617168924884211e-89
1749,7.451654013126447e-11,7.805040555385169e-78,8.39783462117126e-89
1750,7.352958061453838e-11,9.304754186969554e-78,9.316176190733914e-89
1751,7.25556932169139e-11,1.0570948799535803e-77,1.0345667572414066e-88
1752,7.159470480028924e-11,1.101217258952311e-77,1.1403924602454403e-88
1753,7.064644451974768e-11,1.2150973578572997e-77,1.2556153163901474e-88
1754,6.971074379318679e-11,1.5320428895070389e-77,1.3989686808735652e-88
1755,6.87874362713461e-11,1.7825757444962643e-77,1.5635552401879822e-88
1756,6.787635780823414e-11,1.982939466290849e-77,1.7442165843272132e-88
1757,6.69773464319473e-11,2.60817610579423e-77,1.9786945833740673e-88
1758,6.609024231587262e-11,2.698745756814598e-77,2.218101430284998e-88
1759,6.521488775027575e-11,3.034092669213505e-77,2.483692117328999e-88
1760,6.435112711426155e-11,3.0713639673177615e-77,2.74898444671315e-88
1761,6.349880684810845e-11,3.1114072385936607e-77,3.0141759912840335e-88
1762,6.265777542596921e-11,4.148067917195424e-77,3.3630415372369326e-88
1763,6.182788332893105e-11,4.355780035512748e-77,3.724524280027796e-88
1764,6.100898301843587e-11,4.448920036273026e-77,4.088846479935018e-88
1765,6.020092891004902e-11,5.7052016683762246e-77,4.5498576446657124e-88
1766,5.940357734757899e-11,7.875448041948826e-77,5.177807724805651e-88
1767,5.861678657753666e-11,8.546399950792357e-77,5.850230584643021e-88
1768,5.784041672393492e-11,1.0277617206394247e-76,6.64815380123332e-88
1769,5.7074329763422114e-11,1.1197867828180054e-76,7.506007854104779e-88
1770,5.631838950074272e-11,1.1524664946028125e-76,8.377203678764029e-88
1771,5.5572461544526135e-11,1.1600900826189838e-76,9.242547303119138e-88
1772,5.483641328339313e-11,1.2564230767234342e-76,1.0167335323988802e-87
1773,5.411011386238073e-11,1.2600303449069141e-76,1.108249463395275e-87
1774,5.339343415967936e-11,1.2834297366392332e-76,1.2002302676045452e-87
1775,5.2686246763676146e-11,1.2992181503355106e-76,1.2921093376621333e-87
1776,5.1988425950305175e-11,1.3415782849979545e-76,1.3857274626659438e-87
1777,5.129984766069487e-11,1.393700200429126e-76,1.4816946326900463e-87
1778,5.062038947911335e-11,1.4083803696037234e-76,1.5773881891806518e-87
1779,4.994993061120584e-11,1.5128798722090863e-76,1.6788205618207883e-87
1780,4.9288351862518515e-11,1.6124453742493826e-76,1.7854965211230455e-87
1781,4.8635535617309524e-11,1.827405961407904e-76,1.9047925509429288e-87
1782,4.7991365817637785e-11,1.9195538607117034e-76,2.028444413534306e-87
1783,4.7355727942731567e-11,2.839688318710683e-76,2.208945758364433e-87
1784,4.6728508988627697e-11,2.986605477435657e-76,2.396271314752241e-87
1785,4.610959744808222e-11,4.162622356717139e-76,2.653900816302725e-87
1786,4.54988832907471e-11,4.1865073734563385e-76,2.9095767485784905e-87
1787,4.4896257943607776e-11,4.644316612338384e-76,3.1894550396520263e-87
1788,4.4301614271682353e-11,4.821212988498983e-76,3.476145419113584e-87
1789,4.371484655897396e-11,4.97194165245654e-76,3.7678829022267362e-87
1790,4.313585048967699e-11,5.104490515461972e-76,4.063430896648349e-87
1791,4.256452312963228e-11,5.785158278563455e-76,4.393952817321594e-87
1792,4.200076290802634e-11,6.136150944819602e-76,4.739884598967494e-87
1793,4.1444469599335253e-11,6.394856614340202e-76,5.095626193427134e-87
1794,4.089554430550538e-11,8.184696182684653e-76,5.544904869125978e-87
1795,4.035388943837236e-11,8.389418235960025e-76,5.999321791118204e-87
1796,3.981940870231086e-11,8.676604456476124e-76,6.4630695847593855e-87
1797,3.929200707711553e-11,9.785117360441758e-76,6.979138264621787e-87
1798,3.8771590801108674e-11,1.0950087943365129e-75,7.548998663565154e-87
1799,3.825806735447029e-11,1.3586517291713965e-75,8.246698182310453e-87
1800,3.775134544279098e-11,1.3788162904508485e-75,8.945374608862282e-87
1801,3.7251334980840606e-11,1.7339256070302307e-75,9.812355552621045e-87
1802,3.6757947076553344e-11,1.8759702992045618e-75,1.073793660705073e-86
1803,3.627109401522479e-11,2.0271973483146913e-75,1.1724883841994869e-86
1804,3.579068924391707e-11,2.0903566725005154e-75,1.272910116119904e-86
1805,3.53166473560725e-11,2.100274321824888e-75,1.3724719165708386e-86
1806,3.484888407632904e-11,2.1066100564371101e-75,1.4710113994847968e-86
1807,3.43873162455382e-11,2.1541782085218753e-75,1.5704413357692308e-86
1808,3.3931861805981306e-11,2.3399761670621023e-75,1.6770165891438064e-86
1809,3.3482439786780416e-11,2.459600512525735e-75,1.7875564520204923e-86
1810,3.303897028950424e-11,2.465562729570149e-75,1.896896638439027e-86
1811,3.260137447396283e-11,2.616742275255278e-75,2.01140418543923e-86
1812,3.2169574544192215e-11,2.7002994016871106e-75,2.128003094640042e-86
1813,3.174349373462308e-11,2.7253539332733346e-75,2.2441251956651944e-86
1814,3.1323056296433635e-11,2.789512002168241e-75,2.3614067236642272e-86
1815,3.0908187484083317e-11,2.96139668074516e-75,2.484265836048119e-86
1816,3.049881354202371e-11,3.097851932633035e-75,2.6110838218060147e-86
1817,3.009486169158714e-11,3.1425614913248645e-75,2.7380281747591527e-86
1818,2.969626011804729e-11,3.1661948181080327e-75,2.8642331984223106e-86
1819,2.930293795785227e-11,3.7310617723246007e-75,3.0109841260334896e-86
1820,2.8914825286026774e-11,4.3287258265082484e-75,3.1789874606461026e-86
1821,2.8531853103740085e-11,4.34082129215634e-75,3.345228840963467e-86
1822,2.8153953326040226e-11,4.641947905395603e-75,3.5206479491177994e-86
1823,2.7781058769749004e-11,4.647333030707455e-75,3.693944467960119e-86
1824,2.7413103141518932e-11,4.68292900987619e-75,3.866255476538701e-86
1825,2.70500210260469e-11,5.391869489044862e-75,4.062024614581853e-86
1826,2.6691747874444896e-11,5.583924067071139e-75,4.262081621963438e-86
1827,2.6338219992764787e-11,6.518453836206896e-75,4.4925271396178185e-86
1828,2.598937453067408e-11,7.889351429543544e-75,4.767743584121328e-86
1829,2.564514947028315e-11,1.1294521992641434e-74,5.1565293356216966e-86
1830,2.5305483615119005e-11,1.1661446876182055e-74,5.552628868186659e-86
1831,2.4970316579246042e-11,1.2910792193842108e-74,5.985356063224844e-86
1832,2.4639588776530867e-11,1.46155807755804e-74,6.46873395475623e-86
1833,2.431324141004843e-11,1.4782238674441443e-74,6.95114842096811e-86
1834,2.3991216461629783e-11,1.5132145688435303e-74,7.438441264446292e-86
1835,2.367345668154699e-11,1.8660888437556486e-74,8.031409245053043e-86
1836,2.3359905578335488e-11,2.1775098574683457e-74,8.714169863116161e-86
1837,2.3050507408751283e-11,2.2204503730470927e-74,9.401173144189498e-86
1838,2.274520716786029e-11,2.416030978075864e-74,1.013878798379616e-85
1839,2.24439505792602e-11,2.7615127556057406e-74,1.0970711895925582e-85
1840,2.2146684085430556e-11,3.0490573365956906e-74,1.1877094479860934e-85
1841,2.1853354838211908e-11,3.4149906235169543e-74,1.2878811108715902e-85
1842,2.1563910689409884e-11,3.5559415582778415e-74,1.390805758624137e-85
1843,2.1278300181524524e-11,3.573569826792648e-74,1.4928706679435417e-85
1844,2.0996472538602346e-11,3.976590564131096e-74,1.604941982499106e-85
1845,2.0718377657208856e-11,5.806325299746882e-74,1.766412917055619e-85
1846,2.0443966097521742e-11,6.315274833766937e-74,1.9397113587542952e-85
1847,2.017318907454092e-11,7.354862655130979e-74,2.1388641401732136e-85
1848,1.9905998449415737e-11,8.74441116510373e-74,2.372506608728784e-85
1849,1.964234672088704e-11,8.752329337392678e-74,2.6032632845743837e-85
1850,1.9382187016841893e-11,1.0645099373979708e-73,2.8802058748409595e-85
1851,1.912547308598118e-11,1.1201948117848727e-73,3.167775488304031e-85
1852,1.887215928959655e-11,1.2720149497672976e-73,3.489994424287588e-85
1853,1.862220059345698e-11,1.4743863452720244e-73,3.858530112757772e-85
1854,1.8375552559802725e-11,1.959946694008369e-73,4.3419471109020907e-85
1855,1.8132171339444727e-11,2.185763395364223e-73,4.873920873479677e-85
1856,1.7892013663969607e-11,2.2257644317196375e-73,5.408455285556667e-85
1857,1.765503683804685e-11,2.7276445548385178e-73,6.054843834407795e-85
1858,1.7421198731838945e-11,2.765582410618309e-73,6.701542387868671e-85
1859,1.7190457773511076e-11,3.809646302937074e-73,7.580583826698594e-85
1860,1.6962772941840653e-11,4.7855102374689654e-73,8.670171919573799e-85
1861,1.6738103758924717e-11,5.0596392215068607e-73,9.806916929319168e-85
1862,1.6516410282983357e-11,6.700062096119299e-73,1.129227698443081e-84
1863,1.62976531012593e-11,6.889803873725011e-73,1.2799471062478394e-84
1864,1.6081793323010687e-11,7.26460981137585e-73,1.4367608125424674e-84
1865,1.5868792572597258e-11,7.275763594142207e-73,1.5917351230807673e-84
1866,1.5658612982658053e-11,7.282699623387097e-73,1.7448026051301573e-84
1867,1.5451217187378972e-11,7.358377098826404e-73,1.897412252167605e-84
1868,1.5246568315850285e-11,8.74893180166574e-73,2.076458154196839e-84
1869,1.504462998551128e-11,9.413733207749411e-73,2.266557510819815e-84
1870,1.4845366295682592e-11,1.0116967945509021e-72,2.468151947089884e-84
1871,1.4648741821183388e-11,1.0680589251078129e-72,2.6781584719733927e-84
1872,1.4454721606033618e-11,1.0697625869780266e-72,2.8857140392580437e-84
1873,1.4263271157239692e-11,1.0834663392724781e-72,3.0931441561648715e-84
1874,1.4074356438661931e-11,1.2603672167888328e-72,3.33124607422917e-84
1875,1.3887943864964021e-11,1.4892390913321773e-72,3.6088589660959383e-84
1876,1.3704000295641843e-11,1.593188529585111e-72,3.901915750830976e-84
1877,1.3522493029131897e-11,1.74598641802035e-72,4.218824972929341e-84
1878,1.3343389796997741e-11,1.758046241567399e-72,4.533696737035368e-84
1879,1.3166658758192962e-11,1.7845082946868595e-72,4.849074741711121e-84
1880,1.2992268493400846e-11,1.8477696734784569e-72,5.171307784343871e-84
1881,1.2820187999448302e-11,2.0159835126167936e-72,5.518219222995154e-84
1882,1.2650386683794252e-11,2.170074134738324e-72,5.886700666140546e-84
1883,1.2482834359091009e-11,2.239094682049255e-72,6.261866185348568e-84
1884,1.2317501237817245e-11,2.2486933299714263e-72,6.633649672380238e-84
1885,1.2154357926982707e-11,2.805991515351046e-72,7.091428418368229e-84
1886,1.1993375422902368e-11,2.886594500464632e-72,7.556119629317561e-84
1887,1.1834525106040489e-11,2.902582376308777e-72,8.017195759511917e-84
1888,1.1677778735922319e-11,2.9463568584290013e-72,8.479026502143437e-84
1889,1.1523108446113633e-11,3.135265633975347e-72,8.963958946377618e-84
1890,1.1370486739266739e-11,3.7804077427511564e-72,9.540931228653514e-84
1891,1.12198864822317e-11,4.2276044799557343e-72,1.0177609549977329e-83
1892,1.1071280901232925e-11,4.754170105926814e-72,1.0884105760735589e-83
1893,1.0924643577109027e-11,4.782407212892215e-72,1.1585385157304935e-83
1894,1.0779948440616137e-11,4.859999167819309e-72,1.2288603400247884e-83
1895,1.0637169767793419e-11,4.921732126156895e-72,1.29913217812095e-83
1896,1.0496282175389584e-11,5.047481046432471e-72,1.370244923354536e-83
1897,1.0357260616350549e-11,5.546826993875553e-72,1.4473577769953744e-83
1898,1.022008037536626e-11,5.575685892151244e-72,1.523845170429175e-83
1899,1.0084717064477094e-11,5.718443068920026e-72,1.6012519091231971e-83
1900,9.951146618737898e-12,5.949835713521943e-72,1.6807241299562082e-83
1901,9.819345291939823e-12,5.95684600334385e-72,1.759236150633461e-83
1902,9.68928965238882e-12,5.989244036180103e-72,1.8371296469887043e-83
1903,9.560956578739696e-12,6.020432975779289e-72,1.914391713836734e-83
1904,9.434323255885876e-12,6.778029054735566e-72,2.000224147996824e-83
1905,9.30936717090307e-12,7.16272844923666e-72,2.0897267984779818e-83
1906,9.186066109047036e-12,7.276753219656556e-72,2.1794499383627787e-83
1907,9.064398149804318e-12,7.988217519180734e-72,2.2766409507173433e-83
1908,8.944341662994986e-12,8.196348021055742e-72,2.3750434255248012e-83
1909,8.825875304927473e-12,9.086911873550075e-72,2.4826927610987922e-83
1910,8.708978014603854e-12,1.0543498195686811e-71,2.605943398059568e-83
1911,8.593629009975718e-12,1.0589111447167557e-71,2.728087744592286e-83
1912,8.479807784249614e-12,1.1123066477057177e-71,2.854691850617445e-83
1913,8.367494102241128e-12,1.528366957730845e-71,3.026348371100303e-83
1914,8.256667996777711e-12,1.6242126810130477e-71,3.206353536981274e-83
1915,8.147309765148668e-12,1.7220920314462719e-71,3.394678476242706e-83
1916,8.039399965602631e-12,2.013805194492719e-71,3.611987791105182e-83
1917,7.932919413891e-12,2.32731715555023e-71,3.859801805836116e-83
1918,7.827849179857442e-12,2.3876835502464525e-71,4.110676275258586e-83
1919,7.724170584072565e-12,2.6724402207309206e-71,4.387751124662995e-83
1920,7.62186519451289e-12,3.88077171924218e-71,4.784774987192235e-83
1921,7.520914823284212e-12,3.985412528818484e-71,5.187103861475887e-83
1922,7.42130152338796e-12,4.03548286860275e-71,5.5890916266921986e-83
1923,7.32300758553066e-12,5.0534543342453814e-71,6.085815552987223e-83
1924,7.226015534975638e-12,5.817767043807541e-71,6.650092708217543e-83
1925,7.13030812843618e-12,5.851015210470007e-71,7.210078199634546e-83
1926,7.035868351010216e-12,6.36919159388824e-71,7.81158323614467e-83
1927,6.942679413155223e-12,6.6009220875863e-71,8.4267161543504e-83
1928,6.850724747703455e-12,1.2525125211695731e-70,9.57845985293339e-83
1929,6.759988006916693e-12,1.362374149982288e-70,1.0814633753948676e-82
1930,6.6704530595797696e-12,2.247704802830293e-70,1.282711506545227e-82
1931,6.582103988132949e-12,2.2985930410548663e-70,1.485790067356548e-82
1932,6.494925085841903e-12,2.5299360154706657e-70,1.7063471120518638e-82
1933,6.408900854005551e-12,2.5355383541754994e-70,1.9244648512614188e-82
1934,6.324015999200531e-12,2.7791565670469607e-70,2.1603731529356172e-82
1935,6.2402554305624016e-12,2.8532509823614696e-70,2.399363077685516e-82
1936,6.1576042571028436e-12,3.128322014840209e-70,2.657922563171428e-82
1937,6.076047785062181e-12,3.5997264139253836e-70,2.9515035498027686e-82
1938,5.995571515297294e-12,3.697442408681835e-70,3.249059922523981e-82
1939,5.916161140703804e-12,3.703562636939226e-70,3.543161218853779e-82
1940,5.8378025436726135e-12,3.7637470452403e-70,3.838083156899097e-82
1941,5.7604817935801365e-12,3.836311762274132e-70,4.134709659946725e-82
1942,5.684185144311561e-12,3.8625899351163575e-70,4.429412329494627e-82
1943,5.608899031817221e-12,3.9729686877806976e-70,4.728521697059375e-82
1944,5.5346100717010135e-12,4.9560278605977566e-70,5.096699853130135e-82
1945,5.461305056841077e-12,4.95877968059071e-70,5.460203271302987e-82
1946,5.388970955041681e-12,5.547627571003578e-70,5.861485928769096e-82
1947,5.317594906716421e-12,5.7197768516571203e-70,6.26974099774268e-82
1948,5.247164222602089e-12,6.900794994755899e-70,6.755768710156094e-82
1949,5.1776663815026425e-12,7.012312652422257e-70,7.243109300613775e-82
1950,5.109089028063325e-12,7.982529347098163e-70,7.790530036989448e-82
1951,5.0414199705740014e-12,9.534224350272105e-70,8.435702012664122e-82
1952,4.9746471788017665e-12,9.679802585091057e-70,9.082049455074748e-82
1953,4.908758781852254e-12,1.0063328814913015e-69,9.745106058665202e-82
1954,4.8437430660591036e-12,1.0995508473956488e-69,1.0459986912609136e-81
1955,4.77958847290164e-12,1.1985507405009112e-69,1.1228912263963263e-81
1956,4.716283596949873e-12,1.3438197138203896e-69,1.2079615666812655e-81
1957,4.653817183836885e-12,1.433074490834047e-69,1.2974805898473897e-81
1958,4.5921781282580795e-12,1.5114733831679838e-69,1.390646381718366e-81
1959,4.531355471996758e-12,1.6245014860762885e-69,1.4894528772019908e-81
1960,4.471338401976088e-12,1.6706851076304548e-69,1.5897225022891375e-81
1961,4.412116248336634e-12,1.746216178778062e-69,1.6931371851164328e-81
1962,4.353678482539579e-12,2.576415961154764e-69,1.843697177650189e-81
1963,4.2960147154948545e-12,3.231861496358635e-69,2.0300584860970276e-81
1964,4.239114695714211e-12,3.366912386998567e-69,2.2216358675169403e-81
1965,4.182968307488743e-12,3.638061377140987e-69,2.4258998739859787e-81
1966,4.127565569090418e-12,3.8180167105282863e-69,2.63742845499981e-81
1967,4.072896630997631e-12,4.186351431967625e-69,2.8662918422686994e-81
1968,4.018951774144056e-12,4.3291574175696006e-69,3.0998276194560846e-81
1969,3.9657214081908254e-12,4.362719605537404e-69,3.3320567806101727e-81
1970,3.913196069821604e-12,4.417261672414628e-69,3.5640749446191444e-81
1971,3.861366421060091e-12,5.213637863192033e-69,3.834295963838113e-81
1972,3.810223247610028e-12,5.27916988487183e-69,4.104289464932462e-81
1973,3.759757457216964e-12,5.387575317489857e-69,4.376177711631749e-81
1974,3.7099600780519416e-12,5.654080450553213e-69,4.657736099657489e-81
1975,3.660822257116386e-12,5.855462474350578e-69,4.945460766216994e-81
1976,3.612335258668255e-12,7.924419368392299e-69,5.329692075834567e-81
1977,3.5644904626690374e-12,8.86310924825873e-69,5.753745729736285e-81
1978,3.5172793632511844e-12,9.099242304107221e-69,6.183330962782626e-81
1979,3.470693567206038e-12,1.3671572659607007e-68,6.820232058319475e-81
1980,3.4247247924915922e-12,1.3830797581278113e-68,7.456016876454352e-81
1981,3.379364866760149e-12,1.7774869683608092e-68,8.262283645188901e-81
1982,3.334605725905468e-12,1.8233998120085329e-68,9.078421735389785e-81
1983,3.2904394126290445e-12,1.9170811699763106e-68,9.925125810684846e-81
1984,3.2468580750255516e-12,1.9573772526744338e-68,1.0778176999346867e-80
1985,3.203853965186843e-12,2.244816991814141e-68,1.1743540564184611e-80
1986,3.1614194378245623e-12,2.2492117210520408e-68,1.2697982927390068e-80
1987,3.1195469489109943e-12,2.5752455681989893e-68,1.377630234243134e-80
1988,3.0782290543378056e-12,2.9926010136496004e-68,1.501278207424726e-80
1989,3.037458408592717e-12,2.9974644845645474e-68,1.6234867700583922e-80
1990,2.9972277634535273e-12,3.1651509111670877e-68,1.750822833177538e-80
1991,2.9575299666996087e-12,3.3342753465110106e-68,1.8831862182049335e-80
1992,2.918357960840307e-12,4.005596486235628e-68,2.0400934672337536e-80
1993,2.879704781860289e-12,4.192018303386228e-68,2.2021283010020533e-80
1994,2.841563557981509e-12,5.017441373484579e-68,2.3934996557267825e-80
1995,2.8039275084414685e-12,5.1452947173485935e-68,2.5871482226070217e-80
1996,2.7667899422878124e-12,5.2006677312469146e-68,2.7802883645193888e-80
1997,2.7301442571887362e-12,5.539545981228273e-68,2.983288822139333e-80
1998,2.693983938259252e-12,7.152113890754233e-68,3.2419115414489997e-80
1999,2.6583025569029983e-12,7.4583436457797e-68,3.5080355453600574e-80
2000,2.6230937696692948e-12,8.040984431446299e-68,3.791148855356373e-80
2001,2.5883513171254756e-12,9.415180465543748e-68,4.1182553158720196e-80
2002,2.554069022744021e-12,9.431740982703642e-68,4.4415970367706966e-80
2003,2.5202407918045173e-12,9.977107150755044e-68,4.779104921574611e-80
2004,2.486860610310165e-12,9.986101090351442e-68,5.112442788391491e-80
2005,2.4539225439185435e-12,1.034803259319039e-67,5.45328697296866e-80
2006,2.421420736886671e-12,1.0436769404887214e-67,5.792500838202454e-80
2007,2.389349411029901e-12,1.0807196134310048e-67,6.1391019470239355e-80
2008,2.3577028646947416e-12,1.1354693530936648e-67,6.498438781972258e-80
2009,2.326475471745152e-12,1.1743918706589436e-67,6.865170746190962e-80
2010,2.2956616805623547e-12,1.275667223235554e-67,7.258252180546154e-80
2011,2.265256013057888e-12,1.2898718396372293e-67,7.650446323339995e-80
2012,2.235253063699655e-12,1.363579020131174e-67,8.059560246209445e-80
2013,2.205647498550986e-12,1.4073843100780214e-67,8.476224325021737e-80
2014,2.176434054322318e-12,1.7243134723454382e-67,8.97995567959278e-80
2015,2.1476075374355055e-12,2.1756913252064143e-67,9.607131706858324e-80
2016,2.1191628231005284e-12,2.2139020060490926e-67,1.0236869808135316e-79
2017,2.091094854404351e-12,2.262938386165684e-67,1.087203064597808e-79
2018,2.063398641411963e-12,2.4069986506443186e-67,1.1538678118984434e-79
2019,2.0360692602792052e-12,2.5547106662428122e-67,1.2236864733801152e-79
2020,2.0091018523774676e-12,2.6133760445586474e-67,1.2941624511743581e-79
2021,1.9824916234298675e-12,2.710327326677762e-67,1.3662848818601902e-79
2022,1.9562338426589448e-12,2.779851512580195e-67,1.439277613453239e-79
2023,1.9303238419456422e-12,2.8287639904265435e-67,1.5125708904629553e-79
2024,1.904757014999356e-12,3.1398114732246766e-67,1.5928459070428543e-79
2025,1.8795288165390832e-12,3.1547641165339557e-67,1.6724349222701203e-79
2026,1.8546347614853128e-12,3.225664209521035e-67,1.7527347846869138e-79
2027,1.830070424162686e-12,3.3430721859724796e-67,1.8348551375570334e-79
2028,1.8058314375132171e-12,3.5147430752361074e-67,1.9200489480339944e-79
2029,1.7819134923198718e-12,4.2578646367044615e-67,2.021888321055375e-79
2030,1.7583123364405227e-12,4.5067701349126064e-67,2.1282533055218425e-79
2031,1.735023774051959e-12,4.564076159509598e-67,2.2345440779087385e-79
2032,1.7120436649039686e-12,5.040518174035435e-67,2.3503757357105016e-79
2033,1.6893679235833025e-12,5.2731339912604416e-67,2.4699479580455348e-79
2034,1.6669925187873243e-12,5.7146176350499436e-67,2.5978148408840127e-79
2035,1.6449134726073733e-12,5.959811511121057e-67,2.729401794461858e-79
2036,1.6231268598215215e-12,6.703426412833168e-67,2.8754467500567056e-79
2037,1.6016288071967933e-12,6.917922749219736e-67,3.0241686173732364e-79
2038,1.58041549280054e-12,7.358128060341466e-67,3.180258901285154e-79
2039,1.5594831453209926e-12,8.058402961102628e-67,3.3489401921971666e-79
2040,1.5388280433968128e-12,8.756587539263085e-67,3.529808400328649e-79
2041,1.5184465149554692e-12,9.351720294631424e-67,3.720410753489169e-79
2042,1.4983349365604587e-12,9.884950424397497e-67,3.9192127088802315e-79
2043,1.4784897327670918e-12,1.232314982333142e-66,4.1637681285004366e-79
2044,1.4589073754868663e-12,1.396563755263546e-66,4.437248232702279e-79
2045,1.439584383360256e-12,1.512058406674133e-66,4.7294231595736703e-79
2046,1.4205173211377586e-12,1.5143345680517975e-66,5.018162273920894e-79
2047,1.4017027990692152e-12,1.6063617424962467e-66,5.320391558463488e-79
2048,1.3831374723011397e-12,1.8707008489667125e-66,5.66769328392732e-79
2049,1.3648180402821088e-12,2.0793892675617002e-66,6.04862558720931e-79
2050,1.346741246175954e-12,2.106453681139065e-66,6.429404882090337e-79
2051,1.3289038762827751e-12,2.2588095533137646e-66,6.832317097297375e-79
2052,1.3113027594676214e-12,2.346219812879883e-66,7.245277987302645e-79
2053,1.2939347665966922e-12,2.3835665962376494e-66,7.659255663811049e-79
2054,1.2767968099810769e-12,2.4382071291713613e-66,8.077114543807277e-79
2055,1.2598858428277908e-12,2.4690737223536015e-66,8.494658789984913e-79
2056,1.2431988586981292e-12,2.643415515178083e-66,8.935765117483692e-79
2057,1.2267328909731953e-12,2.7280682480178437e-66,9.38496795471648e-79
2058,1.2104850123264619e-12,2.970886688914343e-66,9.867674018663239e-79
2059,1.194452334203385e-12,3.074167220969506e-66,1.036054535416642e-78
2060,1.1786320063078454e-12,3.1557210166629105e-66,1.0859790766470944e-78
2061,1.1630212160954354e-12,3.751290202067872e-66,1.1445396810174454e-78
2062,1.1476171882734546e-12,4.0213603100779637e-66,1.2064848271160957e-78
2063,1.1324171843074893e-12,4.248154955650684e-66,1.2710567992900213e-78
2064,1.117418501934587e-12,4.698102239820746e-66,1.341522142540513e-78
2065,1.1026184746828155e-12,4.971950350300463e-66,1.4151071432194149e-78
2066,1.0880144713972464e-12,5.273667911560182e-66,1.49212380672684e-78
2067,1.0736038957721622e-12,5.872046969677746e-66,1.5767433836574281e-78
2068,1.0593841858894934e-12,6.186895402260321e-66,1.6647192413519876e-78
2069,1.0453528137633728e-12,7.371149417206441e-66,1.768146581822048e-78
2070,1.0315072848906821e-12,7.760241898193018e-66,1.875591235082543e-78
2071,1.0178451378076076e-12,7.902939002710883e-66,1.9835623501261457e-78
2072,1.0043639436520147e-12,9.29270135315898e-66,2.1088390612980228e-78
2073,9.91061305731655e-13,9.817818191481298e-66,2.239441941867219e-78
2074,9.779348590980913e-13,1.0609617832150755e-65,2.3787085241434513e-78
2075,9.649822701262321e-13,1.1287180363890063e-65,2.5249067320481595e-78
2076,9.522012360994867e-13,1.1790864274984003e-65,2.675606169551467e-78
2077,9.395894848003621e-13,1.2850137824378334e-65,2.8376689119520005e-78
2078,9.27144774106519e-13,1.3061601027979415e-65,3.000216757943607e-78
2079,9.148648915921756e-13,1.4312363338595054e-65,3.1759708982441513e-78
2080,9.027476541347578e-13,1.4941676827926014e-65,3.357022744380127e-78
2081,8.907909075268106e-13,1.6350354689066173e-65,3.552519792347353e-78
2082,8.789925260929949e-13,1.8818625876373089e-65,3.7745491184970774e-78
2083,8.673504123122102e-13,1.8993853854159626e-65,3.9956777262028e-78
2084,8.558624964446741e-13,1.998729859559516e-65,4.225290130888319e-78
2085,8.445267361639731e-13,2.000402205855411e-65,4.452050929593943e-78
2086,8.333411161939855e-13,2.0471260882061107e-65,4.681034674127153e-78
2087,8.223036479505834e-13,2.0614135724449064e-65,4.908562542550939e-78
2088,8.114123691881265e-13,2.068875475248109e-65,5.133889537808317e-78
2089,8.006653436505909e-13,2.273779102827521e-65,5.378253158656337e-78
2090,7.900606607273512e-13,3.308806968074745e-65,5.7291416461627255e-78
2091,7.795964351135185e-13,3.503968628749873e-65,6.0958048289130315e-78
2092,7.692708064747513e-13,3.7137067362846058e-65,6.479268395234662e-78
2093,7.590819391165463e-13,4.1912064953761755e-65,6.906304865757011e-78
2094,7.49028021657866e-13,4.5277290926952285e-65,7.361519011489247e-78
2095,7.391072667091323e-13,4.719674407786212e-65,7.829746343863814e-78
2096,7.293179105544451e-13,4.83375347555653e-65,8.302939687225612e-78
2097,7.196582128380358e-13,4.9584993719173465e-65,8.781915737822882e-78
2098,7.101264562548744e-13,5.8001063799094215e-65,9.334767759520261e-78
2099,7.007209462453476e-13,6.027665166610315e-65,9.901700410106553e-78
2100,6.914400106940203e-13,6.572072905042063e-65,1.0511650260809753e-77
2101,6.822819996323481e-13,6.7705086879319945e-65,1.113169419538204e-77
2102,6.732452849453533e-13,6.942174380587208e-65,1.1759038687229355e-77
2103,6.643282600821847e-13,7.295472039228583e-65,1.2409577742852887e-77
2104,6.555293397704875e-13,7.544582051328958e-65,1.3073419505399926e-77
2105,6.468469597345926e-13,7.936577107921072e-65,1.3762503291751472e-77
2106,6.382795764174015e-13,1.0048439262663723e-64,1.4623391600779008e-77
2107,6.2982566670598e-13,1.0798253124335567e-64,1.5536266170321082e-77
2108,6.214837276607852e-13,1.135032438650784e-64,1.6483103312075452e-77
2109,6.132522762484559e-13,1.262869642982188e-64,1.7522628322706805e-77
2110,6.051298490781772e-13,1.3835767264389147e-64,1.864642844220608e-77
2111,5.971150021414993e-13,1.6591372219478907e-64,1.9976201530291797e-77
2112,5.8920631055564e-13,1.959355301432763e-64,2.152579520890681e-77
2113,5.814023683101522e-13,2.1833442133150758e-64,2.3229664423179895e-77
2114,5.737017880169699e-13,2.3218906024321966e-64,2.501765492478136e-77
2115,5.661032006637635e-13,2.348430109728134e-64,2.6802130057948297e-77
2116,5.586052553705422e-13,2.3779822709708967e-64,2.858512815554729e-77
2117,5.512066191495101e-13,2.410149816046833e-64,3.036831032825909e-77
2118,5.439059766680729e-13,2.5397458879104003e-64,3.22224880003925e-77
2119,5.367020300150039e-13,2.626175965624036e-64,3.4114371156185246e-77
2120,5.295934984697063e-13,2.7583505813988684e-64,3.607515336827161e-77
2121,5.225791182745129e-13,2.835311928432257e-64,3.806394895207071e-77
2122,5.156576424100294e-13,2.986678656826904e-64,4.013117137589025e-77
2123,5.088278403734245e-13,3.141418945379682e-64,4.227669832698857e-77
2124,5.020884979596853e-13,3.2187887726234104e-64,4.4445950296609436e-77
2125,4.954384170457418e-13,3.371414709524237e-64,4.668796835788897e-77
2126,4.888764153774708e-13,3.721954410255606e-64,4.913031546282156e-77
2127,4.824013263595188e-13,4.060889468145252e-64,5.1759777542652e-77
2128,4.760119988478917e-13,4.2133720466555104e-64,5.445183893609364e-77
2129,4.697072969453188e-13,4.214550894012834e-64,5.710898764009096e-77
2130,4.634860997992993e-13,4.541102464099591e-64,5.993409700903481e-77
2131,4.573473014028427e-13,4.895165929033697e-64,6.2939140684588915e-77
2132,4.51289810397847e-13,5.3375788939246126e-64,6.6172374298429255e-77
2133,4.453125498810653e-13,5.5339283521142995e-64,6.948014744260841e-77
2134,4.394144572126661e-13,6.832522971768813e-64,7.351003280725426e-77
2135,4.3359448382730605e-13,6.97522857163818e-64,7.756959727162798e-77
2136,4.2785159504772e-13,7.1839366219924e-64,8.169525217359772e-77
2137,4.2218476990078034e-13,7.275495705180675e-64,8.581814837545467e-77
2138,4.1659300093597734e-13,7.519272552864525e-64,9.002275186535497e-77
2139,4.1107529404632616e-13,7.53319032470584e-64,9.417934548092327e-77
2140,4.056306682916223e-13,1.0074428322540383e-63,9.966449467180542e-77
2141,4.0025815572406126e-13,1.0415291704049664e-63,1.0526012322928751e-76
2142,3.949568012161464e-13,1.168058698281923e-63,1.1145241647493357e-76
2143,3.897256622908902e-13,1.1847263075426473e-63,1.1764988437809496e-76
2144,3.845638089542644e-13,1.2311805156015741e-63,1.2400505763054157e-76
2145,3.794703235298559e-13,1.2535104233842515e-63,1.3038979470139343e-76
2146,3.744443004957324e-13,1.5635554780641687e-63,1.382482605492739e-76
2147,3.694848463234492e-13,1.6378162241757876e-63,1.4637093505569564e-76
2148,3.645910793192012e-13,1.678859812289519e-63,1.5458688380983604e-76
2149,3.5976212946707903e-13,2.1464652112236944e-63,1.649520566741601e-76
2150,3.549971382743881e-13,3.5756867871420526e-63,1.8199017272271334e-76
2151,3.502952586190358e-13,3.6299844132062503e-63,1.9905792258441372e-76
2152,3.456556545989206e-13,3.7355346277906155e-63,2.1638932406079053e-76
2153,3.410775013833294e-13,3.838837306165008e-63,2.3396410941814146e-76
2154,3.365599850663017e-13,3.936141019281371e-63,2.517456906988671e-76
2155,3.321023025219252e-13,3.995286980812743e-63,2.6955541173301072e-76
2156,3.2770366126156507e-13,4.074902106546231e-63,2.8747944427079334e-76
2157,3.233632792929654e-13,4.195945094355824e-63,3.0569144869956955e-76
2158,3.1908038498123595e-13,4.3670403001633005e-63,3.243950207602323e-76
2159,3.1485421691166225e-13,4.749109824443941e-63,3.44465557059196e-76
2160,3.1068402375434455e-13,4.8164977078630326e-63,3.645512828427628e-76
2161,3.0656906413062935e-13,5.195601919278672e-63,3.859309749614918e-76
2162,3.0250860648129906e-13,5.274235464729158e-63,4.073467846986204e-76
2163,2.98501928936524e-13,5.321673863506628e-63,4.286690158681487e-76
2164,2.945483191875202e-13,5.479027628070624e-63,4.5033095291354985e-76
2165,2.906470743599184e-13,6.100501112855126e-63,4.741305013258549e-76
2166,2.867975008888098e-13,6.193393464347207e-63,4.979724245023435e-76
2167,2.8299891439543624e-13,6.516284702626796e-63,5.2272509556071826e-76
2168,2.7925063956552983e-13,6.920868849393641e-63,5.486664140699838e-76
2169,2.755520100292467e-13,6.970411469878647e-63,5.744473838125235e-76
2170,2.7190236824270775e-13,7.361561478674097e-63,6.013144461992681e-76
2171,2.683010653710932e-13,8.044281965992969e-63,6.302843419434758e-76
2172,2.647474611732955e-13,8.563807329916925e-63,6.607167236201993e-76
2173,2.6124092388809986e-13,8.991655161594318e-63,6.922462976999516e-76
2174,2.577808301218628e-13,9.101525101948009e-63,7.237384279684522e-76
2175,2.543665647376923e-13,9.978579519376257e-63,7.578079466046513e-76
2176,2.5099752074608246e-13,1.2089300533378187e-62,7.985373319293944e-76
2177,2.4767309919700505e-13,1.2795375574860055e-62,8.41074554218998e-76
2178,2.443927090734307e-13,1.2996246069240534e-62,8.837073114680766e-76
2179,2.4115576718625154e-13,1.3769279733636798e-62,9.282776697941727e-76
2180,2.379616980706084e-13,1.7856858055633532e-62,9.853137086120954e-76
2181,2.348099338835786e-13,1.8530549199860794e-62,1.0437176299462105e-75
2182,2.3169991430322704e-13,1.966858922216597e-62,1.104887327545038e-75
2183,2.286310864289945e-13,2.8048762300945442e-62,1.190964151131902e-75
2184,2.2560290468339694e-13,2.824908575620693e-62,1.2765075169486678e-75
2185,2.2261483071503902e-13,2.844056347535346e-62,1.3614900243148025e-75
2186,2.1966633330289937e-13,2.9977806277026685e-62,1.4498795085442394e-75
2187,2.1675688826189617e-13,3.572201806917596e-62,1.55381075687023e-75
2188,2.138859783496919e-13,4.011244131232796e-62,1.6689699622365043e-75
2189,2.1105309317474015e-13,4.505429904396356e-62,1.796603618065992e-75
2190,2.0825772910555018e-13,4.6711884284784925e-62,1.9271803409998393e-75
2191,2.0549938918114588e-13,4.776786759668299e-62,2.0589403572954288e-75
2192,2.0277758302272178e-13,4.9186470299389e-62,2.19281639506745e-75
2193,2.0009182674645818e-13,5.710478626666398e-62,2.346185933187834e-75
2194,1.974416428774983e-13,5.9920615790298165e-62,2.504986582573424e-75
2195,1.948265602650647e-13,6.903969057081531e-62,2.685531076952961e-75
2196,1.9224611399869286e-13,6.924956898271752e-62,2.864225868682273e-75
2197,1.8969984532558505e-13,6.9432160258407886e-62,3.0410188032544583e-75
2198,1.8718730156904728e-13,7.5512908164807295e-62,3.2307482892019545e-75
2199,1.8470803604801788e-13,7.957500216753127e-62,3.428035848411755e-75
2200,1.8226160799765148e-13,8.050760198348912e-62,3.6249919041718965e-75
2201,1.798475824909619e-13,8.16234769592531e-62,3.822033059496223e-75
2202,1.7746553036150235e-13,8.533847601805252e-62,4.025313758019857e-75
2203,1.7511502812706368e-13,9.64095036374435e-62,4.251924511740791e-75
2204,1.727956579143926e-13,1.0421755398422155e-61,4.493643602089234e-75
2205,1.7050700738489757e-13,1.2331851462855463e-61,4.775876585890417e-75
2206,1.6824866966134496e-13,1.2521105997189543e-61,5.058645446030957e-75
2207,1.660202432555261e-13,1.285610160469413e-61,5.345134208948862e-75
2208,1.6382133199687633e-13,1.3100764681914718e-61,5.633208398508698e-75
2209,1.6165154496204826e-13,1.3756275712855402e-61,5.931690285401437e-75
2210,1.5951049640540933e-13,1.3972641291959437e-61,6.230851320107269e-75
2211,1.5739780569046547e-13,1.4334151571129598e-61,6.533687609416505e-75
2212,1.5531309722219305e-13,1.4900391116940197e-61,6.844317324837068e-75
2213,1.5325600038026148e-13,1.5071957719877908e-61,7.154362091109937e-75
2214,1.512261494531488e-13,1.5123252849648298e-61,7.461341579288119e-75
2215,1.4922318357312068e-13,1.52317906341425e-61,7.766429148607311e-75
2216,1.472467466520798e-13,1.631731722943371e-61,8.088930630853206e-75
2217,1.4529648731825636e-13,1.7366290540132592e-61,8.427618333051037e-75
2218,1.4337205885374293e-13,1.7463954744664126e-61,8.763699649187097e-75
2219,1.414731191328561e-13,1.783680663668982e-61,9.10240985534898e-75
2220,1.3959933056130979e-13,1.821351396784085e-61,9.44369259855537e-75
2221,1.3775036001620167e-13,1.8567324037556857e-61,9.786996951024577e-75
2222,1.3592587878678672e-13,1.8840734418187165e-61,1.0130742613968324e-74
2223,1.3412556251604073e-13,1.9616849643645126e-61,1.0483907949910645e-74
2224,1.323490911429971e-13,2.125672277079019e-61,1.0861527544780977e-74
2225,1.3059614884584312e-13,2.6707975854551127e-61,1.1329702950249079e-74
2226,1.2886642398577675e-13,2.8337775866391336e-61,1.181986850419994e-74
2227,1.271596090516e-13,3.1012685127045154e-61,1.2349197645437556e-74
2228,1.2547540060505105e-13,3.1282876943876215e-61,1.2876066501249837e-74
2229,1.2381349922686003e-13,3.2169559144445796e-61,1.3410692848029357e-74
2230,1.2217360946351513e-13,3.282891475328149e-61,1.3949050860485643e-74
2231,1.2055543977474018e-13,3.5771869660304285e-61,1.4527900412436769e-74
2232,1.1895870248166113e-13,3.6937845662838364e-61,1.5117700769395293e-74
2233,1.1738311371566576e-13,4.126805110999343e-61,1.5767915546629576e-74
2234,1.158283933679344e-13,4.813384584700138e-61,1.6516262242158555e-74
2235,1.1429426503964337e-13,4.889787021644844e-61,1.726641832108007e-74
2236,1.1278045599282799e-13,6.079299320086651e-61,1.818670815198465e-74
2237,1.1128669710189206e-13,6.33328997759178e-61,1.9132748973274963e-74
2238,1.0981272280576603e-13,6.447205194371567e-61,2.008305044711035e-74
2239,1.0835827106069255e-13,7.179032595764872e-61,2.112720609579531e-74
2240,1.0692308329364144e-13,7.281172084408771e-61,2.2172191006329066e-74
2241,1.0550690435634157e-13,7.427608434097938e-61,2.32240732682171e-74
2242,1.0410948247991794e-13,7.79276796568031e-61,2.4313051711530596e-74
2243,1.0273056923013498e-13,1.1495181034488528e-60,2.5898137455241586e-74
2244,1.0136991946322696e-13,1.1567535701119819e-60,2.7472073930784483e-74
2245,1.0002729128231906e-13,1.352558703920506e-60,2.9288057363000415e-74
2246,9.870244599442038e-14,1.444241861460727e-60,3.120145438774268e-74
2247,9.739514806799009e-14,1.7646617514170513e-60,3.3508393036221038e-74
2248,9.610516509106548e-14,1.9261327438728065e-60,3.599307148711403e-74
2249,9.483226772994138e-14,1.9973738874043363e-60,3.853552343756922e-74
2250,9.357622968840175e-14,2.0601436283572725e-60,4.1123142205821426e-74
2251,9.233682766748631e-14,2.2467543539202668e-60,4.390777409257076e-74
2252,9.111384132579342e-14,2.4008482317459036e-60,4.684397868847353e-74
2253,8.990705324030856e-14,2.5494009300743136e-60,4.992056535601122e-74
2254,8.871624886774866e-14,2.5566777321412663e-60,5.296506837867159e-74
2255,8.75412165064229e-14,2.7849454982282023e-60,5.623746946361822e-74
2256,8.638174725859421e-14,2.872567781141708e-60,5.956812346815551e-74
2257,8.523763499334223e-14,3.1612900676933817e-60,6.318499420862277e-74
2258,8.410867630991822e-14,3.628521924387149e-60,6.728144554315403e-74
2259,8.299467050158224e-14,4.088655306005798e-60,7.183623130232823e-74
2260,8.189541951992379e-14,5.332065576906716e-60,7.769750962201015e-74
2261,8.08107279396504e-14,5.44250951908568e-60,8.360095387292014e-74
2262,7.974040292384712e-14,7.297086575158423e-60,9.141120817679449e-74
2263,7.868425418969187e-14,7.93071379811953e-60,9.978722151562604e-74
2264,7.764209397462776e-14,8.584891430831214e-60,1.0873405381548314e-73
2265,7.661373700298343e-14,1.0069596187596752e-59,1.1908919325664146e-73
2266,7.559900045303269e-14,1.259478570103274e-59,1.318695826462763e-73
2267,7.459770392449464e-14,1.3055831182957013e-59,1.4494234108694992e-73
2268,7.360966940646009e-14,1.5887953400447696e-59,1.606401874675166e-73
2269,7.263472124574556e-14,1.6032190349812222e-59,1.762707419612913e-73
2270,7.167268611566633e-14,1.6694474596818044e-59,1.923314130016456e-73
2271,7.072339298522052e-14,1.6954136589153043e-59,2.0842585839836847e-73
2272,6.978667308868527e-14,1.7250756690114793e-59,2.2458498542028765e-73
2273,6.886235989561136e-14,1.8722887668518545e-59,2.418907975047401e-73
2274,6.795028908121944e-14,1.913620844258429e-59,2.5934437472334162e-73
2275,6.705029849718451e-14,3.1559488802574153e-59,2.8774761748261414e-73
2276,6.616222814280993e-14,3.20442464461488e-59,3.162051627797117e-73
2277,6.528592013658311e-14,3.6216099132631534e-59,3.4794162040394115e-73
2278,6.44212186881056e-14,4.316538751458094e-59,3.852667935118924e-73
2279,6.356797007039846e-14,4.989636179576851e-59,4.278407952427468e-73
2280,6.27260225925711e-14,5.017658600497546e-59,4.700868452756235e-73
2281,6.189522657285419e-14,5.928716623727294e-59,5.193423870058451e-73
2282,6.107543431198986e-14,5.969799766074703e-59,5.682823434772221e-73
2283,6.026650006697219e-14,6.0925969902979394e-59,6.175674469426583e-73
2284,5.946828002513859e-14,6.242841178690414e-59,6.673990564108058e-73
2285,5.868063227860135e-14,6.433139949953051e-59,7.180695382581982e-73
2286,5.79034167990197e-14,7.046353078366808e-59,7.728348851292424e-73
2287,5.713649541270627e-14,7.371722945260778e-59,8.293702049362221e-73
2288,5.637973177606095e-14,8.02504723705804e-59,8.901008442498873e-73
2289,5.56329913513334e-14,8.294607186952854e-59,9.520400291872208e-73
2290,5.4896141382703195e-14,8.44911628400609e-59,1.0142973398754492e-72
2291,5.4169050872680063e-14,9.37173721979621e-59,1.0824383518248931e-72
2292,5.345159055881371e-14,9.529878499625278e-59,1.1508114480193868e-72
2293,5.274363289071409e-14,9.740277353145088e-59,1.2197684884351483e-72
2294,5.2045052007375986e-14,9.756913546507584e-59,1.2879284212748759e-72
2295,5.1355723714802096e-14,1.0530847672294476e-58,1.3605205337278605e-72
2296,5.067552546392526e-14,1.0859282644103444e-58,1.4343851843308242e-72
2297,5.000433632882031e-14,1.1359250211404036e-58,1.5106272375791542e-72
2298,4.9342036985206416e-14,1.3912181264605155e-58,1.602767522777009e-72
2299,4.868850968923406e-14,1.4271523336159208e-58,1.696035823329874e-72
2300,4.804363825655127e-14,1.4323076718175492e-58,1.7884012533666272e-72
2301,4.74073080416497e-14,1.7597744341610233e-58,1.900381017753425e-72
2302,4.677940591748169e-14,1.937355725931589e-58,2.0220279953115755e-72
2303,4.615982025534904e-14,1.976459462414353e-58,2.1444865897814089e-72
2304,4.5548440905058074e-14,1.9864083736797597e-58,2.2659314958726954e-72
2305,4.494515917533598e-14,2.0288159128572883e-58,2.388326253192321e-72
2306,4.434986781450889e-14,2.0344695287654447e-58,2.5094364666263245e-72
2307,4.376246099143337e-14,2.0911611037175045e-58,2.6322726966737043e-72
2308,4.3182834276682985e-14,2.246789176276231e-58,2.7625025995718755e-72
2309,4.26108846239817e-14,2.316844231891336e-58,2.895014424951198e-72
2310,4.204651035188472e-14,2.4753106763253443e-58,3.0347145910676975e-72
2311,4.1489611125702e-14,2.4818463202794552e-58,3.172928420594503e-72
2312,4.094008793965962e-14,2.6032728019750547e-58,3.3159842970223835e-72
2313,4.039784309929971e-14,2.6512182112413905e-58,3.4597452365937716e-72
2314,3.986278020411125e-14,3.43881973235496e-58,3.643743720796276e-72
2315,3.933480413039239e-14,3.743888101556142e-58,3.8414120548265126e-72
2316,3.881382101433975e-14,3.7475128814739874e-58,4.0366511486702856e-72
2317,3.8299738235360275e-14,3.9596054082880495e-58,4.2402076438657735e-72
2318,3.7792464399606226e-14,3.9945265611736865e-58,4.442839524936574e-72
2319,3.7291909323726044e-14,4.16933492350644e-58,4.65153770083714e-72
2320,3.679798401883262e-14,4.24896900161416e-58,4.86140503179764e-72
2321,3.631060067468184e-14,4.302108888837319e-58,5.071082653511872e-72
2322,3.582967264406207e-14,4.683115030937662e-58,5.29630678241134e-72
2323,3.5355114427390377e-14,6.0994051246807176e-58,5.585759064284008e-72
2324,3.4886841657511435e-14,6.156725421228076e-58,5.874061750922265e-72
2325,3.442477108469977e-14,6.439697427444182e-58,6.171621218825561e-72
2326,3.3968820561858636e-14,6.555769028980561e-58,6.470531850464499e-72
2327,3.351890902991635e-14,7.504823587671468e-58,6.808182518193087e-72
2328,3.307495650341583e-14,1.0633323952935479e-57,7.280251621593508e-72
2329,3.263688405629398e-14,1.0823954349084259e-57,7.754419238517363e-72
2330,3.22046138078511e-14,1.1472245289522558e-57,8.250330270667321e-72
2331,3.1778068908904405e-14,1.1894430144488172e-57,8.757681121068241e-72
2332,3.1357173528126115e-14,1.2825834045672165e-57,9.297514551513474e-72
2333,3.094185283856245e-14,1.6354534380632752e-57,9.976752201159184e-72
2334,3.053203300433006e-14,1.7263054984759144e-57,1.0684226434379042e-71
2335,3.0127641167490394e-14,1.8281137896555482e-57,1.1423500727729774e-71
2336,2.972860543509605e-14,1.935580370750752e-57,1.2195866458580415e-71
2337,2.9334854866410523e-14,2.0803391231856832e-57,1.3015001171393529e-71
2338,2.8946319460295566e-14,2.3191708504866835e-57,1.3916081159637343e-71
2339,2.856293014276667e-14,2.4469757639211064e-57,1.4854225527776812e-71
2340,2.8184618754713393e-14,2.4568542329895575e-57,1.5783681462903654e-71
2341,2.781131803978128e-14,3.5870867273082216e-57,1.7122743502731307e-71
2342,2.7442961632415798e-14,3.8405233000514145e-57,1.853742486794167e-71
2343,2.7079484046063155e-14,4.124473857684042e-57,2.003657867070724e-71
2344,2.6720820661528367e-14,4.1662003010492033e-57,2.15308421713314e-71
2345,2.636690771548752e-14,4.5142696261904263e-57,2.3128500633959165e-71
2346,2.601768228915123e-14,5.181767833109189e-57,2.493810571465239e-71
2347,2.567308229707967e-14,5.826912833031531e-57,2.6946059830716727e-71
2348,2.533304647614425e-14,5.860674203754298e-57,2.8938898994825357e-71
2349,2.4997514374636964e-14,6.014004639014129e-57,3.0956790609828343e-71
2350,2.4666426341522637e-14,6.592634108737712e-57,3.3139532869932733e-71
2351,2.433972351583439e-14,7.238172839500623e-57,3.5504264389417503e-71
2352,2.4017347816209608e-14,9.178207226327458e-57,3.846309536530606e-71
2353,2.369924193056356e-14,9.951560290906494e-57,4.162874526520491e-71
2354,2.338534930590116e-14,1.025436316214603e-56,4.484751423241238e-71
2355,2.3075614138262324e-14,1.0960120876195013e-56,4.824224910934253e-71
2356,2.2769981362801403e-14,1.1004369028743737e-56,5.160554495779368e-71
2357,2.2468396643997965e-14,1.3789601948900396e-56,5.5764278183964145e-71
2358,2.2170806365996417e-14,1.4465140985945745e-56,6.006896351130333e-71
2359,2.1877157623074833e-14,1.457968873462047e-56,6.435027078041262e-71
2360,2.1587398210238762e-14,1.4641950298586096e-56,6.859291370170586e-71
2361,2.1301476613940473e-14,1.4864370978355138e-56,7.284295837980712e-71
2362,2.1019342002921057e-14,1.4878919981428463e-56,7.704081668115644e-71
2363,2.0740944219173112e-14,1.5536303327541187e-56,8.136608909517975e-71
2364,2.0466233769024215e-14,1.5941561355448984e-56,8.574540259121139e-71
2365,2.019516181433734e-14,1.6299053599163333e-56,9.016361890988273e-71
2366,1.992768016382897e-14,1.681150987460527e-56,9.46603893186799e-71
2367,1.966374126450113e-14,1.7143988888043704e-56,9.91853548758789e-71
2368,1.9403298193187603e-14,1.8152188436174071e-56,1.0391296658325796e-70
2369,1.914630464821213e-14,2.0189126810347393e-56,1.0910144185220852e-70
2370,1.8892714941156384e-14,2.0619304221634662e-56,1.1433028516946615e-70
2371,1.864248398873802e-14,3.012826945241513e-56,1.2186931072926106e-70
2372,1.8395567304795267e-14,3.0141244601297965e-56,1.2931168689612099e-70
2373,1.8151920992378375e-14,3.204749256546556e-56,1.3711994028190443e-70
2374,1.7911501735945782e-14,3.2896506510185166e-56,1.4502889391631307e-70
2375,1.767426679366301e-14,3.5710193227862815e-56,1.535005995456317e-70
2376,1.7440173989804515e-14,3.608954406434552e-56,1.619489021056291e-70
2377,1.7209181707255225e-14,3.622042039790878e-56,1.703155396882369e-70
2378,1.6981248880112028e-14,3.8638251802345857e-56,1.7912246565741637e-70
2379,1.675633498638323e-14,4.0637023359324615e-56,1.882622968107102e-70
2380,1.6534400040784124e-14,4.577891967522652e-56,1.9842223885841737e-70
2381,1.6315404587628866e-14,5.08371023182467e-56,2.0955533311770202e-70
2382,1.609930969381555e-14,6.342793809097446e-56,2.2326178666426864e-70
2383,1.5886076941905142e-14,6.741048068822459e-56,2.376359089690223e-70
2384,1.5675668423291194e-14,6.775197104265938e-56,2.5189150082928338e-70
2385,1.5468046731460616e-14,7.3771907802437275e-56,2.6720814913679477e-70
2386,1.526317495534371e-14,7.8046472450869625e-56,2.8319766856746363e-70
2387,1.5061016672751688e-14,8.275443103078056e-56,2.999271622215261e-70
2388,1.4861535943901984e-14,8.487399999491514e-56,3.1685788960090154e-70
2389,1.466469730502848e-14,8.842950561872938e-56,3.34264233123149e-70
2390,1.4470465762076896e-14,8.936755277321885e-56,3.516222307880985e-70
2391,1.4278806784483693e-14,1.0310527272269372e-55,3.7138328194259834e-70
2392,1.408968629903686e-14,1.0392331734994097e-55,3.9103731016906445e-70
2393,1.3903070683818767e-14,1.0523238666416953e-55,4.106753167472667e-70
2394,1.3718926762228437e-14,1.0796048232821897e-55,4.305555833399685e-70
2395,1.353722179708381e-14,1.1048609385559648e-55,4.506314551729656e-70
2396,1.335792348480135e-14,1.1602812245538596e-55,4.7143510170651884e-70
2397,1.3180999949653269e-14,1.2040803505315876e-55,4.927381169283578e-70
2398,1.3006419738100769e-14,1.283316592302216e-55,5.1514228514565326e-70
2399,1.2834151813201902e-14,1.2940782876854373e-55,5.374351032732782e-70
2400,1.2664165549094176e-14,1.5800108700309966e-55,5.64293117777895e-70
2401,1.2496430725549511e-14,1.6321600949158192e-55,5.916701263296297e-70
2402,1.2330917522602081e-14,1.8043363559541046e-55,6.215342752764755e-70
2403,1.2167596515246377e-14,1.847096435615177e-55,6.517012403312558e-70
2404,1.2006438668206584e-14,2.2271889384525502e-55,6.875941377584412e-70
2405,1.1847415330774334e-14,2.7544843379084464e-55,7.313968669903475e-70
2406,1.1690498231715339e-14,2.8272926818415973e-55,7.757619235728786e-70
2407,1.1535659474242981e-14,2.8340859249438764e-55,8.196445578916995e-70
2408,1.1382871531059319e-14,2.863034849882541e-55,8.633882784893693e-70
2409,1.1232107239461016e-14,3.071619517980009e-55,9.096973325581468e-70
2410,1.1083339796510106e-14,3.0946354589784465e-55,9.557354329678908e-70
2411,1.093654275426944e-14,3.69017180774605e-55,1.0099060636415923e-69
2412,1.0791690015100509e-14,3.893796479532206e-55,1.0663087722242501e-69
2413,1.0648755827023578e-14,3.9757600601033916e-55,1.1231359758422069e-69
2414,1.0507714779139946e-14,4.121837783196472e-55,1.1812708078570444e-69
2415,1.0368541797114079e-14,4.2604549320674656e-55,1.240564829625309e-69
2416,1.0231212138716025e-14,4.95914208000219e-55,1.3086685584047204e-69
2417,1.0095701389422456e-14,5.9092406654389676e-55,1.3887451214376867e-69
2418,9.961985458076666e-15,6.2458085890182634e-55,1.4722615326864982e-69
2419,9.83004057260542e-15,6.271994991955675e-55,1.5550172987754804e-69
2420,9.69984327579254e-15,6.353242652375066e-55,1.6377348007090328e-69
2421,9.571370421109088e-15,7.01080129650132e-55,1.72780456632703e-69
2422,9.444599168598084e-15,7.886952021575025e-55,1.8277884449539556e-69
2423,9.319506980814155e-15,8.587874903314989e-55,1.9352160509609926e-69
2424,9.196071618816543e-15,8.593267155321066e-55,2.0412873551669172e-69
2425,9.074271138215859e-15,1.0072479150008608e-54,2.163970635298059e-69
2426,8.954083885272602e-15,1.0609201155930622e-54,2.2914797095834321e-69
2427,8.83548849304735e-15,1.093873320345383e-54,2.4212080450545306e-69
2428,8.718463877602537e-15,1.1001378834974024e-54,2.5499512578070854e-69
2429,8.602989234253925e-15,1.1570174381351835e-54,2.6835574338238696e-69
2430,8.489044033871777e-15,1.190368069204932e-54,2.8191941619979366e-69
2431,8.376608019231537e-15,1.235416329799683e-54,2.958099450542085e-69
2432,8.265661201412251e-15,1.3097150926754987e-54,3.103408172324323e-69
2433,8.156183856243048e-15,1.5089188631041028e-54,3.268600603532693e-69
2434,8.048156520796328e-15,1.521301461731915e-54,3.432942746854791e-69
2435,7.941559989928003e-15,1.7287071508652235e-54,3.617216932024291e-69
2436,7.836375312862996e-15,2.042728406301152e-54,3.8320806597725934e-69
2437,7.732583789826024e-15,2.095775748555448e-54,4.049604416659114e-69
2438,7.630166968717462e-15,2.1617397332909042e-54,4.2710029282068395e-69
2439,7.529106641832703e-15,2.21979717854216e-54,4.495336356688176e-69
2440,7.429384842625297e-15,2.2502903736213808e-54,4.719739361484804e-69
2441,7.330983842512639e-15,2.3563839866859755e-54,4.951609902424158e-69
2442,7.23388614772448e-15,2.7081848062078373e-54,5.214568404167254e-69
2443,7.138074496192738e-15,2.8941475499229956e-54,5.491861460701925e-69
2444,7.043531854482467e-15,3.061577340809394e-54,5.78131107030235e-69
2445,6.950241414763969e-15,3.2549107517027954e-54,6.084963125573169e-69
2446,6.858186591824479e-15,3.2852993488905924e-54,6.387390775438515e-69
2447,6.767351020119738e-15,3.4927325860219065e-54,6.704655136701595e-69
2448,6.677718550864329e-15,3.498766742184211e-54,7.018258239152268e-69
2449,6.58927324916103e-15,3.531065579723463e-54,7.330564399685044e-69
2450,6.501999391167751e-15,3.6155377723856093e-54,7.646106329801561e-69
2451,6.415881461302009e-15,3.732802124565049e-54,7.967567521367549e-69
2452,6.3309041494828374e-15,3.870177223623428e-54,8.296444778094852e-69
2453,6.2470523484088155e-15,3.964677096084407e-54,8.628890093278452e-69
2454,6.16431115087215e-15,4.0673732980541116e-54,8.965429430788104e-69
2455,6.082665847108737e-15,4.0852964423783645e-54,9.298974699789676e-69
2456,6.002101922182872e-15,4.458776682647981e-54,9.658191249711726e-69
2457,5.9226050534068705e-15,4.768293446395217e-54,1.0037255648105275e-68
2458,5.8441611077945994e-15,5.01066236977323e-54,1.043031177452122e-68
2459,5.766756139549168e-15,5.1490910318602455e-54,1.0828877002335198e-68
2460,5.690376387583507e-15,5.67583579048772e-54,1.1262395932210473e-68
2461,5.615008273073797e-15,5.901754836997333e-54,1.170720006657352e-68
2462,5.540638397045666e-15,6.276493369568445e-54,1.2173982100359714e-68
2463,5.467253537991947e-15,6.521711122631918e-54,1.265257695188313e-68
2464,5.394840649522233e-15,7.214833382192477e-54,1.3175023876915399e-68
2465,5.3233868580433375e-15,7.706511348634483e-54,1.372568333185047e-68
2466,5.2528794604708415e-15,8.404083577271538e-54,1.431823339386564e-68
2467,5.183305921970626e-15,8.550971807194615e-54,1.4913154760107752e-68
2468,5.11465387373031e-15,8.565100432585944e-54,1.5501166448188794e-68
2469,5.046911110760542e-15,9.261206713535772e-54,1.612854617939787e-68
2470,4.980065589725078e-15,9.576136445038257e-54,1.6768668009573152e-68
2471,4.914105426799606e-15,1.1119697493228745e-53,1.7502125067908479e-68
2472,4.849018895559254e-15,1.1573116973520027e-53,1.8255379107353742e-68
2473,4.7847944248937114e-15,1.1644040879157218e-53,1.9003211469225548e-68
2474,4.721420596950186e-15,1.2752034833427267e-53,1.9811356730689014e-68
2475,4.658886145103398e-15,1.3229462802537065e-53,2.063865393527314e-68
2476,4.5971799519527955e-15,1.3602533532548938e-53,2.147801449677015e-68
2477,4.536291047346e-15,1.4050079326706743e-53,2.233350843661191e-68
2478,4.4762086064284264e-15,1.4429575739293181e-53,2.3200472568433643e-68
2479,4.416921947719034e-15,1.7532457910386112e-53,2.4239913416903485e-68
2480,4.358420531211241e-15,1.8797155187275596e-53,2.5339573621675924e-68
2481,4.3006939564991735e-15,1.9622391803944809e-53,2.64723070881758e-68
2482,4.2437319609285615e-15,2.131914864646882e-53,2.768668833894518e-68
2483,4.187524417772422e-15,2.229041078309112e-53,2.8939577565003842e-68
2484,4.13206133443063e-15,2.5332494612833127e-53,3.0344595824970905e-68
2485,4.0773328506533455e-15,2.8029912357780897e-53,3.187863042872243e-68
2486,4.023329236788228e-15,2.961633409500137e-53,3.3478019499289207e-68
2487,3.970040892050609e-15,3.005815134850904e-53,3.507976863052407e-68
2488,3.917458342816574e-15,3.3056413014642533e-53,3.681795909536711e-68
2489,3.865572240938909e-15,3.43650234218862e-53,3.860102620166344e-68
2490,3.81437336208507e-15,3.488652420473416e-53,4.0387177128053165e-68
2491,3.763852604097329e-15,3.5210018961559616e-53,4.216601397475389e-68
2492,3.714000985374487e-15,3.5908308963560353e-53,4.395610130218729e-68
2493,3.6648096432752784e-15,3.6172493441740934e-53,4.573547480166135e-68
2494,3.616269832542687e-15,3.70689882959074e-53,4.753479647759333e-68
2495,3.568372923749132e-15,3.8501109850562244e-53,4.937888062455636e-68
2496,3.5211104017624837e-15,4.087010823869126e-53,5.13105050137842e-68
2497,3.474473864232132e-15,4.291553152985732e-53,5.331193681061137e-68
2498,3.4284550200952674e-15,4.8897187969353565e-53,5.556212888250403e-68
2499,3.383045688102791e-15,5.078495420185909e-53,5.786823972807895e-68
2500,3.3382377953649984e-15,5.186563120342822e-53,6.019222936782008e-68
2501,3.2940233759163018e-15,5.230479923819819e-53,6.250485570051765e-68
2502,3.250394569298969e-15,5.285424838962724e-53,6.481082348241318e-68
2503,3.2073436191658272e-15,6.263778765412136e-53,6.750743975516107e-68
2504,3.1648628719012686e-15,6.35074735635924e-53,7.0205284689026685e-68
2505,3.122944775260516e-15,8.522210771291489e-53,7.377763323606528e-68
2506,3.0815818770271204e-15,8.671200908950842e-53,7.736429324364789e-68
2507,3.0407668236880116e-15,1.0106845923291924e-52,8.148940779814104e-68
2508,3.0004923591262316e-15,1.0327024770660109e-52,8.564856172968678e-68
2509,2.9607513233308528e-15,1.1879647762280636e-52,9.036965679925964e-68
2510,2.9215366511241985e-15,1.3197018577477962e-52,9.554482437546889e-68
2511,2.8828413709057258e-15,1.3895379601336177e-52,1.0092168044962642e-67
2512,2.8446586034125514e-15,1.3986225229247382e-52,1.0626200830998166e-67
2513,2.8069815604965775e-15,1.4121414594956033e-52,1.1158253974726584e-67
2514,2.7698035439176094e-15,1.4356446730279863e-52,1.1691998189280002e-67
2515,2.7331179441525785e-15,1.585038821272628e-52,1.2273479187372441e-67
2516,2.696918239220422e-15,1.5853613833912362e-52,1.2847375330268423e-67
2517,2.6611979935227194e-15,1.681606321036946e-52,1.3448049239810917e-67
2518,2.6259508566995088e-15,1.7182191346842332e-52,1.4053672289135655e-67
2519,2.591170562500263e-15,1.837081756662023e-52,1.4692614728783382e-67
2520,2.5568509276699837e-15,1.93150235468369e-52,1.5355499283649066e-67
2521,2.522985850849868e-15,1.9564727160083446e-52,1.60180602718899e-67
2522,2.4895693114926393e-15,2.1536298983294256e-52,1.6737728854474192e-67
2523,2.456595368792143e-15,2.2506772060055485e-52,1.7479865866755594e-67
2524,2.4240581606272936e-15,2.473745780923797e-52,1.8284753680963944e-67
2525,2.3919519025198503e-15,2.5322211932980474e-52,1.9097755153135598e-67
2526,2.3602708866059995e-15,2.746267457382258e-52,1.9967800583345774e-67
2527,2.3290094806217116e-15,2.7501208456837465e-52,2.0827527025973505e-67
2528,2.2981621269013814e-15,2.765575319851935e-52,2.1680633827290382e-67
2529,2.267723341389737e-15,2.9504159482276082e-52,2.2578704609472737e-67
2530,2.23768771266698e-15,3.0062874718189454e-52,2.348166195284703e-67
2531,2.208049900986675e-15,3.2538458063442352e-52,2.444603064529884e-67
2532,2.1788046373264796e-15,3.305291323705443e-52,2.541267180765406e-67
2533,2.1499467224513545e-15,3.582251292006955e-52,2.6446434836114495e-67
2534,2.1214710259893317e-15,3.592672976157884e-52,2.7469473487678333e-67
2535,2.093372485519391e-15,3.7902850668975135e-52,2.8534488271126648e-67
2536,2.065646105671414e-15,4.027230015517021e-52,2.965109336258064e-67
2537,2.0382869572381956e-15,4.106164771260422e-52,3.07745050772623e-67
2538,2.011290176299068e-15,4.244049213968898e-52,3.192026174650625e-67
2539,1.98465096335522e-15,4.520883944945743e-52,3.3124589647544584e-67
2540,1.958364582476383e-15,4.59804994734523e-52,3.433325056970291e-67
2541,1.9324263604589604e-15,5.127120677895765e-52,3.566313451423671e-67
2542,1.9068316859951815e-15,5.196079774144338e-52,3.699305421730721e-67
2543,1.8815760088532594e-15,5.264082070220008e-52,3.832253378944778e-67
2544,1.8566548390685314e-15,5.799687152119375e-52,3.9767883671610506e-67
2545,1.832063746145191e-15,6.058350153080487e-52,4.125769818737586e-67
2546,1.8077983582685913e-15,6.313001636379443e-52,4.278957252109942e-67
2547,1.783854361528103e-15,6.3616926892838796e-52,4.4312816011261445e-67
2548,1.7602274991501312e-15,6.868032038122333e-52,4.593551648898361e-67
2549,1.7369135707413719e-15,7.00048173719723e-52,4.7567603789462045e-67
2550,1.713908431542013e-15,7.096975383321338e-52,4.920027285533935e-67
2551,1.6912079916889525e-15,7.602047854825353e-52,5.092597115622486e-67
2552,1.6688082154886632e-15,7.64820080255062e-52,5.263915101934493e-67
2553,1.64670512069969e-15,8.785047197447969e-52,5.458091832865288e-67
2554,1.6248947778247569e-15,9.279919920861161e-52,5.660490068191193e-67
2555,1.603373309412132e-15,1.0969000244480774e-51,5.8965590604708597e-67
2556,1.5821368893663152e-15,1.490091870890891e-51,6.21300122924182e-67
2557,1.5611817422677885e-15,1.648178009973422e-51,6.558379355677322e-67
2558,1.540504142701888e-15,1.722234457300981e-51,6.914496100343979e-67
2559,1.5201004145964644e-15,1.865429717401938e-51,7.295113307880441e-67
2560,1.4999669305683165e-15,1.895723510263511e-51,7.67678849803719e-67
2561,1.4801001112783788e-15,1.98804076084656e-51,8.071748963404878e-67
2562,1.4604964247953523e-15,2.1245492298763954e-51,8.4882389336074e-67
2563,1.4411523859677658e-15,2.2436317836176098e-51,8.922247936978462e-67
2564,1.4220645558044459e-15,2.2448267370069488e-51,9.350736651999145e-67
2565,1.403229540863091e-15,2.3081805367017263e-51,9.785482800960362e-67
2566,1.3846439926470033e-15,2.3782889703557572e-51,1.0227500844263727e-66
2567,1.3663046070097524e-15,2.663085016303615e-51,1.0715894275251491e-66
2568,1.3482081235678224e-15,3.1310704816195e-51,1.1282507926512921e-66
2569,1.330351325120949e-15,3.376815342182528e-51,1.1885499036089558e-66
2570,1.3127310370801364e-15,3.4328601615685673e-51,1.249037888459624e-66
2571,1.2953441269033353e-15,3.514252534366116e-51,1.3101398816132435e-66
2572,1.2781875035384985e-15,3.59164134335007e-51,1.371760319402677e-66
2573,1.261258116874073e-15,4.0036879797960484e-51,1.4395403012963567e-66
2574,1.2445529571967123e-15,4.3726048152435793e-51,1.512585362940997e-66
2575,1.2280690546562632e-15,4.4545990082468034e-51,1.586014538849719e-66
2576,1.211803478737757e-15,4.5083213161411355e-51,1.6593449814824325e-66
2577,1.1957533377403954e-15,4.764372288030969e-51,1.7358138284692512e-66
2578,1.1799157782635158e-15,4.986360626319729e-51,1.8147856114617607e-66
2579,1.1642879846992846e-15,5.598880213621344e-51,1.9022837556310935e-66
2580,1.1488671787321141e-15,5.861970626286371e-51,1.9926800672443087e-66
2581,1.1336506188447813e-15,5.874372492474478e-51,2.082067808076547e-66
2582,1.1186355998310074e-15,6.116360688660921e-51,2.1739050801118901e-66
2583,1.1038194523145407e-15,6.193215204758687e-51,2.2656646701868193e-66
2584,1.0891995422745626e-15,6.208254151365e-51,2.3564287873850964e-66
2585,1.0747732705774571e-15,6.509889420535028e-51,2.450342220883847e-66
2586,1.060538072514713e-15,6.619307272598639e-51,2.544569370947451e-66
2587,1.046491417346945e-15,7.077956542345156e-51,2.6439909857902215e-66
2588,1.032630807854024e-15,7.116856476405296e-51,2.7426349542268404e-66
2589,1.0189537798910907e-15,7.489564146022411e-51,2.845069932482172e-66
2590,1.0054579019504919e-15,7.730563021576977e-51,2.9494006674334813e-66
2591,9.921407747294791e-16,8.704113173510375e-51,3.0653144499112117e-66
2592,9.790000307037017e-16,9.474763386354442e-51,3.1898198902761033e-66
2593,9.660333337062855e-16,1.0030830811561499e-50,3.319886634041968e-66
2594,9.532383785124886e-16,1.010110019065506e-50,3.449129758389453e-66
2595,9.406128904299175e-16,1.0192068497811197e-50,3.5778095977453157e-66
2596,9.281546248941053e-16,1.0813019619804202e-50,3.7125210674127835e-66
2597,9.158613670694845e-16,1.2151816624455083e-50,3.8619064822147237e-66
2598,9.037309314556068e-16,1.313714726833552e-50,4.0212658013032976e-66
2599,8.917611614986431e-16,1.3287578164209312e-50,4.180315055214056e-66
2600,8.799499292079709e-16,1.393186490349485e-50,4.3448675478314977e-66
2601,8.682951347778399e-16,1.5513761126648287e-50,4.52567724460074e-66
2602,8.567947062141064e-16,1.7166596482205242e-50,4.72310046112678e-66
2603,8.454465989658535e-16,1.756985001353389e-50,4.922485003416081e-66
2604,8.342487955618924e-16,1.8847097121028117e-50,5.133531091712714e-66
2605,8.231993052521316e-16,1.8934787045516808e-50,5.342750837689539e-66
2606,8.122961636536365e-16,1.8961983573637605e-50,5.549496029581247e-66
2607,8.015374324014124e-16,1.9989114220626242e-50,5.764553537450976e-66
2608,7.909211988037782e-16,2.2390689845084596e-50,6.002258331258568e-66
2609,7.804455755023618e-16,2.2818993967421377e-50,6.241301516178569e-66
2610,7.701087001365468e-16,2.6204537669243593e-50,6.512174556084343e-66
2611,7.599087350123659e-16,2.784242172478053e-50,6.796166286649843e-66
2612,7.498438667758269e-16,2.922613373186467e-50,7.090323471724527e-66
2613,7.399123060905129e-16,3.0429461855197577e-50,7.39253551876087e-66
2614,7.30112287319483e-16,3.0701185258971296e-50,7.693407710591656e-66
2615,7.204420682113568e-16,3.2445677932628964e-50,8.007164525311875e-66
2616,7.108999295906066e-16,3.2952918816040763e-50,8.321605844612861e-66
2617,7.014841750519066e-16,3.4834711535689607e-50,8.649600937859336e-66
2618,6.921931306585298e-16,3.581993520123741e-50,8.982405545981914e-66
2619,6.830251446447856e-16,3.7869384881725297e-50,9.329591536926668e-66
2620,6.73978587122352e-16,4.825232941059011e-50,9.766109010530984e-66
2621,6.650518497905002e-16,5.06899907041569e-50,1.0218605242901e-65
2622,6.562433456501985e-16,5.32896483709424e-50,1.068800733121167e-65
2623,6.475515087219558e-16,5.41412657021954e-50,1.1158594383783813e-65
2624,6.389747937674303e-16,6.014802463131498e-50,1.1674466846124377e-65
2625,6.305116760146989e-16,6.03809108978782e-50,1.2185477605070302e-65
2626,6.221606508872091e-16,6.925217289541282e-50,1.2763804241053164e-65
2627,6.139202337362813e-16,7.091993631138002e-50,1.3348214100576166e-65
2628,6.057889595771544e-16,7.999294555452158e-50,1.3998658671676092e-65
2629,5.977653828285665e-16,8.18615618151443e-50,1.4655481195659177e-65
2630,5.898480770557412e-16,8.351171341442846e-50,1.5316668966373762e-65
2631,5.82035634716804e-16,9.07945049499131e-50,1.6025995800987302e-65
2632,5.743266669125327e-16,9.172411718920604e-50,1.6733094067274102e-65
2633,5.667198031394624e-16,1.0141173049551216e-49,1.7504519286144787e-65
2634,5.592136910462251e-16,1.1720796549192485e-49,1.8384295413347465e-65
2635,5.518069961931159e-16,1.1857212022938554e-49,1.92625229259727e-65
2636,5.444984018148796e-16,1.1882637234902643e-49,2.0130976682909004e-65
2637,5.372866085866037e-16,1.2772308122385747e-49,2.105208913517376e-65
2638,5.301703343927124e-16,1.3101669764819916e-49,2.198443987961649e-65
2639,5.231483140990549e-16,1.3768308393182648e-49,2.2951253289079125e-65
2640,5.162192993279735e-16,1.402516885675433e-49,2.3923059310832744e-65
2641,5.093820582363743e-16,1.5452117245638701e-49,2.4979557820673643e-65
2642,5.026353752967148e-16,1.5916667193158982e-49,2.6053404890756874e-65
2643,4.959780510809293e-16,1.638373930268982e-49,2.7144123534806005e-65
2644,4.894089020471825e-16,1.7376989208018017e-49,2.8285643853458815e-65
2645,4.829267603294486e-16,1.7486658016498054e-49,2.94191538077837e-65
2646,4.765304735299088e-16,1.8236816003861676e-49,3.058563286249506e-65
2647,4.702189045140638e-16,1.8426368095018512e-49,3.174862580192579e-65
2648,4.639909312085797e-16,1.8718500374711336e-49,3.2914409008449762e-65
2649,4.578454464017925e-16,1.891737393047816e-49,3.4076973349190417e-65
2650,4.517813575468876e-16,1.9546639048165795e-49,3.5262298909218727e-65
2651,4.457975865676559e-16,2.0115330098486247e-49,3.6465954194028615e-65
2652,4.3989306966682363e-16,2.4618967028361944e-49,3.791958526302856e-65
2653,4.3406675713694966e-16,2.6718728486942278e-49,3.9476301888686284e-65
2654,4.2831761317379767e-16,2.753233722735732e-49,4.1059175592307545e-65
2655,4.2264461569218167e-16,2.7597215554700915e-49,4.262476493572186e-65
2656,4.1704675614427793e-16,2.7973483585924368e-49,4.419068125751781e-65
2657,4.115230393403122e-16,2.9076113667066713e-49,4.5796763434085755e-65
2658,4.0607248327164077e-16,3.210895214319457e-49,4.754687987371344e-65
2659,4.0069411893615683e-16,3.340520335341239e-49,4.934353341706926e-65
2660,3.953869901660383e-16,3.439895865745663e-49,5.116913044860032e-65
2661,3.901501534577512e-16,3.710392373455516e-49,5.311220234694635e-65
2662,3.8498267780430473e-16,3.8551382838655176e-49,5.51043356692008e-65
2663,3.798836445297534e-16,4.082500083773094e-49,5.718601604625255e-65
2664,3.7485214712586327e-16,4.268697273724509e-49,5.933380997132633e-65
2665,3.6988729109095783e-16,4.9600436884096686e-49,6.1796400255305874e-65
2666,3.649881937708826e-16,5.103082827320135e-49,6.429645019565047e-65
2667,3.601539842021026e-16,5.126451420540543e-49,6.677468424675676e-65
2668,3.553838029568538e-16,5.373586475597926e-49,6.9337982389318755e-65
2669,3.506768019903461e-16,5.493732290948409e-49,7.192388270964161e-65
2670,3.4603214449001314e-16,5.521483789002554e-49,7.448842281899737e-65
2671,3.4144900472673315e-16,5.8626674483070025e-49,7.717536524911968e-65
2672,3.369265679080352e-16,6.37341116359416e-49,8.005770017981355e-65
2673,3.324640300332357e-16,6.6406646726057105e-49,8.302112194134816e-65
2674,3.2806059775051717e-16,6.6473205632660475e-49,8.59482245375346e-65
2675,3.2371548821587854e-16,6.691370983148241e-49,8.885569852340277e-65
2676,3.1942792895395395e-16,6.851153181305031e-49,9.179317105113962e-65
2677,3.1519715772069557e-16,6.946473665139016e-49,9.473206514664533e-65
2678,3.1102242236785474e-16,7.075334991290695e-49,9.768583025877864e-65
2679,3.069029807092578e-16,7.387927343505297e-49,1.0072924382573094e-64
2680,3.028381003888737e-16,8.750360940143427e-49,1.042861608239156e-64
2681,2.9882705875060624e-16,8.863635930123975e-49,1.078414021021327e-64
2682,2.9486914270982433e-16,9.31864730039346e-49,1.1152964446499433e-64
2683,2.9096364862658117e-16,1.04195379419769e-48,1.1559898884324617e-64
2684,2.8710988218053354e-16,1.1576175647281217e-48,1.2006017657155078e-64
2685,2.833071582474987e-16,1.1578012763398421e-48,1.244629751947866e-64
2686,2.795548007776468e-16,1.2170804529783956e-48,1.290298961239308e-64
2687,2.758521426753247e-16,1.266674568394535e-48,1.337199589776022e-64
2688,2.7219852568045104e-16,1.4908560413572358e-48,1.3916697594721503e-64
2689,2.6859330025149496e-16,1.5238440252246856e-48,1.4466077717671785e-64
2690,2.6503582544999207e-16,1.5575568291465533e-48,1.5020174634831545e-64
2691,2.6152546882661004e-16,1.7151748044950878e-48,1.5622262158353278e-64
2692,2.580616063087056e-16,2.0031800319678078e-48,1.6316136181288067e-64
2693,2.546436220893711e-16,2.0148172841527904e-48,1.700479754949573e-64
2694,2.512709085179673e-16,2.2041196835687374e-48,1.7748183986472787e-64
2695,2.479428659920891e-16,2.6417286188012756e-48,1.8627362504992797e-64
2696,2.4465890285096325e-16,2.6660415422351203e-48,1.950288072073384e-64
2697,2.414184352702727e-16,2.857377040889649e-48,2.0428804487415082e-64
2698,2.3822088715835745e-16,2.861882589691675e-48,2.1343905214534253e-64
2699,2.350656900537999e-16,3.079875241837912e-48,2.23156665590788e-64
2700,2.3195228302435696e-16,3.134645222225604e-48,2.329160920604749e-64
2701,2.288801125672473e-16,3.186349638668209e-48,2.4270510128641343e-64
2702,2.2584863251074444e-16,3.398559982705085e-48,2.530077680948126e-64
2703,2.2285730391707303e-16,3.407676944095305e-48,2.6320124957567973e-64
2704,2.1990559498660634e-16,4.627339101248195e-48,2.7685980772513172e-64
2705,2.1699298096331592e-16,5.145807685175606e-48,2.9184755935012976e-64
2706,2.1411894404148362e-16,5.4631266155531e-48,3.0754878695187415e-64
2707,2.1128297327363962e-16,5.465163044124648e-48,3.23047829586513e-64
2708,2.0848456447973524e-16,6.557971900590165e-48,3.413997158233023e-64
2709,2.057232201575049e-16,6.6782109412223e-48,3.59840555688503e-64
2710,2.0299844939401567e-16,6.809216722319072e-48,3.7839411033574005e-64
2711,2.0030976777840135e-16,6.91806310257617e-48,3.9699457941529634e-64
2712,1.9765669731573922e-16,7.732429729275413e-48,4.175092603346475e-64
2713,1.9503876634206774e-16,7.827614051938167e-48,4.380014136111625e-64
2714,1.924555094405425e-16,8.173547627407882e-48,4.5911578692960917e-64
2715,1.899064673586884e-16,8.838808204185054e-48,4.816462809955142e-64
2716,1.8739118692675646e-16,9.209276333080725e-48,5.048101935483661e-64
2717,1.8490922097715364e-16,9.954957087603647e-48,5.295180580695555e-64
2718,1.8246012826495335e-16,1.0135552740261409e-47,5.5434096641985145e-64
2719,1.8004347338944664e-16,1.0373986032971655e-47,5.794113103448709e-64
2720,1.776588267167326e-16,1.1206315338929648e-47,6.061344129312339e-64
2721,1.7530576430334565e-16,1.423377548157793e-47,6.396273750175235e-64
2722,1.729838678208816e-16,1.6105457750879953e-47,6.770225807177651e-64
2723,1.7069272448162941e-16,1.7575103367254752e-47,7.172896617343194e-64
2724,1.6843192696518096e-16,1.7757594373313761e-47,7.574359869916062e-64
2725,1.6620107334602457e-16,1.9604453286451637e-47,8.011706525572691e-64
2726,1.639997670220869e-16,2.2295910323945855e-47,8.502507809513183e-64
2727,1.6182761664422142e-16,2.2695319154090597e-47,8.995484270276539e-64
2728,1.5968423604664121e-16,2.386363152817297e-47,9.506972718329433e-64
2729,1.5756924417826268e-16,2.562941738820782e-47,1.0049032812002823e-63
2730,1.554822650349588e-16,2.574022175451682e-47,1.0586225871459758e-63
2731,1.5342292759271973e-16,2.6477820020881367e-47,1.1131493533038438e-63
2732,1.5139086574168751e-16,2.6951778292625375e-47,1.167917033789766e-63
2733,1.4938571822107106e-16,3.0670707068968123e-47,1.229416326024661e-63
2734,1.4740712855491683e-16,3.080492672031759e-47,1.2903666357001198e-63
2735,1.4545474498874075e-16,3.409246123634241e-47,1.35692819674845e-63
2736,1.4352822042698998e-16,3.5124840569761345e-47,1.4245970648336748e-63
2737,1.4162721237133307e-16,3.554861911213319e-47,1.4921752761333194e-63
2738,1.3975138285977653e-16,3.757815540878774e-47,1.5626654890389812e-63
2739,1.3790039840657787e-16,3.8387131778527734e-47,1.6337194731639245e-63
2740,1.3607392994296017e-16,4.322731291374452e-47,1.7126727969678128e-63
2741,1.342716527586064e-16,4.612725518381683e-47,1.7958068965624697e-63
2742,1.32493246443938e-16,4.618329439867058e-47,1.877939558953256e-63
2743,1.3073839483314933e-16,4.622536910571302e-47,1.9590582223877167e-63
2744,1.2900678594799704e-16,4.654084366395219e-47,2.0396487607987003e-63
2745,1.2729811194234181e-16,4.713673558604269e-47,2.120190075606015e-63
2746,1.2561206904741575e-16,4.862025371234851e-47,2.2021659089272227e-63
2747,1.2394835751782e-16,4.880142246646181e-47,2.2833573981453487e-63
2748,1.2230668157823237e-16,5.261022133192192e-47,2.3697263326823446e-63
2749,1.2068674937082958e-16,5.734854144836001e-47,2.462627082022117e-63
2750,1.1908827290339802e-16,6.197792651342359e-47,2.561697339054027e-63
2751,1.1751096799813175e-16,6.415930650076086e-47,2.662896127916159e-63
2752,1.1595455424111646e-16,6.755117047475064e-47,2.7680336989455457e-63
2753,1.1441875493247469e-16,6.7866904820541035e-47,2.8722636444485896e-63
2754,1.129032970371717e-16,7.121784587373178e-47,2.9801912912644077e-63
2755,1.1140791113648e-16,7.350305344145091e-47,3.090106721038541e-63
2756,1.0993233138007879e-16,8.173126894716397e-47,3.2107077269619597e-63
2757,1.0847629543879244e-16,8.64276291106667e-47,3.336549461267257e-63
2758,1.0703954445795059e-16,9.463280703729639e-47,3.4725132395979103e-63
2759,1.0562182301137333e-16,1.011164589495838e-46,3.615868212052684e-63
2760,1.042228790559592e-16,1.0148491023392117e-46,3.7578399137901736e-63
2761,1.028424638868746e-16,1.1058212011565038e-46,3.910489149827353e-63
2762,1.0148033209334341e-16,1.123304874556096e-46,4.0634980781734955e-63
2763,1.0013624151501482e-16,1.1452766305665058e-46,4.2174336310459307e-63
2764,9.880995319891339e-17,1.1532460216486805e-46,4.3703873034562415e-63
2765,9.750123135695501e-17,1.1601596350356472e-46,4.5222199289092024e-63
2766,9.620984332403277e-17,1.2284638448426954e-46,4.680862279719953e-63
2767,9.493555951665137e-17,1.3462153804701338e-46,4.852408325778041e-63
2768,9.36781533921098e-17,1.450083940880841e-46,5.034742768614336e-63
2769,9.24374014082304e-17,1.459933089446656e-46,5.215884256320547e-63
2770,9.121308298361555e-17,1.763035853047992e-46,5.431735984134869e-63
2771,9.000498045843055e-17,1.8018883902864745e-46,5.64942257557553e-63
2772,8.881287905571193e-17,1.8554411685028785e-46,5.870609977538946e-63
2773,8.763656684318176e-17,1.9058710240166724e-46,6.094799913644767e-63
2774,8.647583469557137e-17,2.212148826144577e-46,6.351571139425227e-63
2775,8.533047625744066e-17,2.3043427737118657e-46,6.615500983446868e-63
2776,8.420028790649575e-17,2.3044067652394956e-46,6.875942351638099e-63
2777,8.30850687173871e-17,2.3688274776818845e-46,7.140118537517968e-63
2778,8.198462042598712e-17,2.4306652967952817e-46,7.407600684800327e-63
2779,8.089874739414626e-17,2.462174913876868e-46,7.674961618665723e-63
2780,7.982725657491008e-17,2.555806446088579e-46,7.948813932938579e-63
2781,7.876995747820033e-17,2.581717375669522e-46,8.221778677864106e-63
2782,7.772666213694732e-17,2.661357013343315e-46,8.499436815207315e-63
2783,7.669718507367653e-17,2.9089638835061493e-46,8.798907974802585e-63
2784,7.568134326753251e-17,3.1742283579567972e-46,9.121359361628627e-63
2785,7.46789561217398e-17,3.25878107637297e-46,9.448015387819506e-63
2786,7.368984543149968e-17,3.4081194092454555e-46,9.785116121949458e-63
2787,7.271383535230707e-17,3.4519018833903556e-46,1.012202522500675e-62
2788,7.17507523686874e-17,3.539150852019939e-46,1.0462874821211096e-62
2789,7.080042526335201e-17,3.594025744248618e-46,1.0804424829414363e-62
2790,6.986268508675704e-17,4.222933635148709e-46,1.1200426282691685e-62
2791,6.893736512706846e-17,4.231889702076335e-46,1.1592011483544864e-62
2792,6.802430088052202e-17,4.327797993668603e-46,1.1987167244974286e-62
2793,6.712333002218073e-17,4.537938062597425e-46,1.2396022240110084e-62
2794,6.623429237707508e-17,4.555845343654628e-46,1.280105404168891e-62
2795,6.535702989172569e-17,5.516611960507391e-46,1.3285005713607198e-62
2796,6.449138660604738e-17,5.530063629816428e-46,1.3763711958659643e-62
2797,6.363720862562057e-17,6.082204795867969e-46,1.428324049956732e-62
2798,6.27943440943328e-17,6.934202332886991e-46,1.4867699819483648e-62
2799,6.196264316737997e-17,7.244517217714207e-46,1.547022698801352e-62
2800,6.114195798462941e-17,7.74242757613012e-46,1.6105636547038448e-62
2801,6.033214264433207e-17,7.796224934465035e-46,1.673698680187229e-62
2802,5.953305317718258e-17,8.40935737869359e-46,1.740896969255328e-62
2803,5.874454752072706e-17,8.53319415484675e-46,1.808181687842626e-62
2804,5.796648549410581e-17,9.303579805620131e-46,1.8805693094265593e-62
2805,5.719872877313073e-17,9.334557310897722e-46,1.952236000554248e-62
2806,5.644114086569639e-17,9.341623167353906e-46,2.0230070080282054e-62
2807,5.569358708751286e-17,9.878704086189808e-46,2.0968556336600884e-62
2808,5.4955934538162174e-17,1.0776064293695599e-45,2.176345546642203e-62
2809,5.4228052077469756e-17,1.0821915864850038e-45,2.2551163741333366e-62
2810,5.350981030219259e-17,1.1636744707262363e-45,2.3386963359032493e-62
2811,5.2801081523012666e-17,1.1956300593713585e-45,2.423434079136158e-62
2812,5.2101739741835186e-17,1.2241169062150811e-45,2.50904168889235e-62
2813,5.141166062939087e-17,1.3956393580282654e-45,2.6053518458404003e-62
2814,5.073072150313112e-17,1.5488113404879086e-45,2.7108164699337038e-62
2815,5.005880130541818e-17,1.6452932496181054e-45,2.821367046491619e-62
2816,4.939578058200208e-17,1.667943801579348e-45,2.931955177085674e-62
2817,4.874154146078609e-17,1.7424655288553875e-45,3.0459540887204234e-62
2818,4.809596763087036e-17,1.8192533332132602e-45,3.1634003229113676e-62
2819,4.745894432187303e-17,1.8693434449471533e-45,3.2824818576066375e-62
2820,4.683035828352842e-17,1.876502436291343e-45,3.4004361808438763e-62
2821,4.621009776555194e-17,2.2881983322315766e-45,3.542364089122164e-62
2822,4.5598052497773764e-17,2.3773545089247015e-45,3.687868946824011e-62
2823,4.499411367053366e-17,2.4735124692999246e-45,3.8372539688112876e-62
2824,4.4398173915338707e-17,2.5169760892520923e-45,3.987250580257332e-62
2825,4.381012728577428e-17,2.610573862741839e-45,4.140764496378764e-62
2826,4.322986923866795e-17,2.6743065481113867e-45,4.295943285875843e-62
2827,4.2657296615505616e-17,2.7874956452453812e-45,4.455547655241016e-62
2828,4.2092307624091e-17,2.870186628579369e-45,4.617710040086293e-62
2829,4.1534801820448085e-17,3.103727022340023e-45,4.790744622874084e-62
2830,4.098468009096597e-17,3.30792696757935e-45,4.972720873314612e-62
2831,4.0441844634777194e-17,3.588467941511208e-45,5.167515636519516e-62
2832,3.990619894637124e-17,3.643945277387415e-45,5.362701994181496e-62
2833,3.9377647798436616e-17,4.050936529244556e-45,5.576814709455748e-62
2834,3.885609722493301e-17,4.0713733123686385e-45,5.789157418057063e-62
2835,3.834145450438509e-17,4.3192521575412024e-45,6.01144458616601e-62
2836,3.783362814339766e-17,4.369428424953661e-45,6.233335679829935e-62
2837,3.7332527860391556e-17,4.5547920921702443e-45,6.461576440471983e-62
2838,3.6838064569552237e-17,4.587090984453758e-45,6.688391250827221e-62
2839,3.635015036499262e-17,4.776108122618012e-45,6.921424350381009e-62
2840,3.586869850512412e-17,4.9166029157912766e-45,7.15813511218527e-62
2841,3.5393623397237194e-17,5.037227456198241e-45,7.397441249905706e-62
2842,3.492484058228391e-17,5.96535756507138e-45,7.67708696106141e-62
2843,3.4462266719862006e-17,6.244945971571638e-45,7.96596183893001e-62
2844,3.40058195734001e-17,6.288460310978615e-45,8.252996815388524e-62
2845,3.3555417995536884e-17,6.517777210710641e-45,8.546558529375022e-62
2846,3.3110981913694015e-17,6.553208961275681e-45,8.837806780799715e-62
2847,3.26724323158422e-17,7.143914612295813e-45,9.151102868830719e-62
2848,3.2239691236453454e-17,7.478464273298998e-45,9.474726739010477e-62
2849,3.1812681742640816e-17,8.324011745927949e-45,9.830169943222391e-62
2850,3.1391327920480296e-17,8.40545899654723e-45,1.0184337170743263e-61
2851,3.097555486151621e-17,9.003047857307054e-45,1.055865964550652e-61
2852,3.056528864944325e-17,9.082695424504951e-45,1.093129195022893e-61
2853,3.0160456346964956e-17,9.182987366058487e-45,1.1303048942131981e-61
2854,2.9760985982828203e-17,9.192035204645351e-45,1.1670243507167734e-61
2855,2.936680653902727e-17,9.227765482242222e-45,1.2033983053699303e-61
2856,2.897784793817861e-17,9.303341898588739e-45,1.239584453850848e-61
2857,2.859404103106169e-17,9.990802581967887e-45,1.2779298442368567e-61
2858,2.821531758432681e-17,1.089532432881465e-44,1.319192992067887e-61
2859,2.784161026836395e-17,1.2155070449456646e-44,1.364617379597946e-61
2860,2.74728526453323e-17,1.3007107995919587e-44,1.412582081868859e-61
2861,2.7108979157350062e-17,1.343105972333709e-44,1.4614541473571434e-61
2862,2.6749925114838992e-17,1.3630833960631977e-44,1.5103962077207644e-61
2863,2.6395626685023263e-17,1.4458617785504058e-44,1.561622863507863e-61
2864,2.6046020880582408e-17,1.4559553447176696e-44,1.6125239074598615e-61
2865,2.570104554845264e-17,1.5068568125433508e-44,1.664506750397776e-61
2866,2.5360639358777617e-17,1.6010701222858912e-44,1.7190081683707622e-61
2867,2.5024741794004493e-17,1.6034517258329561e-44,1.7728677213646174e-61
2868,2.4693293138126145e-17,1.858330008314931e-44,1.8344618197080557e-61
2869,2.4366234466064302e-17,1.9067651564761121e-44,1.8968242277091428e-61
2870,2.4043507633193298e-17,1.9921904374301065e-44,1.9611175587439146e-61
2871,2.372505526500415e-17,2.1895758423517508e-44,2.0308451199765808e-61
2872,2.341082074690378e-17,2.1999149436049587e-44,2.0999740411931315e-61
2873,2.3100748214150412e-17,2.30611931935986e-44,2.17148046701167e-61
2874,2.279478254192123e-17,2.3617180885759857e-44,2.2437409332703672e-61
2875,2.2492869335513275e-17,2.474875605755721e-44,2.3184606962298207e-61
2876,2.2194954920672623e-17,2.6050531741054797e-44,2.3960689854290625e-61
2877,2.1900986334051684e-17,2.742897217470827e-44,2.476701547255703e-61
2878,2.1610911313794307e-17,2.813889932545812e-44,2.5583254651742287e-61
2879,2.1324678290244166e-17,2.8758346710748176e-44,2.6406413504874355e-61
2880,2.104223637677623e-17,2.959656571442099e-44,2.724234457012041e-61
2881,2.0763535360751046e-17,3.116950846086014e-44,2.8111041937825142e-61
2882,2.0488525694587286e-17,3.206914233093476e-44,2.899297435048399e-61
2883,2.0217158486953467e-17,3.343141086402384e-44,2.9900193211826897e-61
2884,1.9949385494075445e-17,3.4867702156338386e-44,3.0833856107945117e-61
2885,1.96851591111605e-17,3.9885154212081524e-44,3.188772711089143e-61
2886,1.942443236393367e-17,4.076863769468336e-44,3.2950674540391816e-61
2887,1.9167158900286257e-17,4.221361166639239e-44,3.403671874903977e-61
2888,1.8913292982036156e-17,4.2696426269219306e-44,3.512063549512308e-61
2889,1.866278947679595e-17,4.2711809278465445e-44,3.619058128906376e-61
2890,1.8415603849949507e-17,4.520224003805623e-44,3.730791569293079e-61
2891,1.8171692156734106e-17,4.679292529392839e-44,3.844924985682518e-61
2892,1.7931011034428673e-17,4.964542826182502e-44,3.9644121595964165e-61
2893,1.7693517694644368e-17,5.243661324918616e-44,4.0889456236716885e-61
2894,1.7459169915717247e-17,5.485234084520535e-44,4.217490866131961e-61
2895,1.722792603520286e-17,6.259579211104892e-44,4.3622398048482694e-61
2896,1.699974494246896e-17,6.480503731474255e-44,4.5101126471396597e-61
2897,1.6774586071387102e-17,6.680929530218249e-44,4.660539702219799e-61
2898,1.6552409393120276e-17,6.711492383706199e-44,4.8096534106222935e-61
2899,1.633317540900731e-17,7.45002100952179e-44,4.9729831893865695e-61
2900,1.61168451435404e-17,7.885485648303482e-44,5.143570109749872e-61
2901,1.590338013743569e-17,8.298632731698757e-44,5.320716878423153e-61
2902,1.5692742440796665e-17,8.695327353253192e-44,5.503873250944309e-61
2903,1.5484894606367037e-17,9.262683945408712e-44,5.696396130850237e-61
2904,1.5279799682873048e-17,1.0548745390017235e-43,5.912745543722552e-61
2905,1.50774212084549e-17,1.1193607847095975e-43,6.13928007165558e-61
2906,1.4877723204184127e-17,1.1568089085381506e-43,6.370292502013302e-61
2907,1.4680670167667453e-17,1.183275300443945e-43,6.60346049300096e-61
2908,1.448622706673474e-17,1.2378829548558308e-43,6.84415829333488e-61
2909,1.4294359333211586e-17,1.2729881343589688e-43,7.088403641476202e-61
2910,1.410503285677347e-17,1.2917676329727603e-43,7.332969455803741e-61
2911,1.3918213978881287e-17,1.3077466792695386e-43,7.577281222992104e-61
2912,1.3733869486798149e-17,1.3119239674167097e-43,7.819127180417233e-61
2913,1.3551966607684386e-17,1.3166124469145035e-43,8.058622775187997e-61
2914,1.3372473002771387e-17,1.391717946132972e-43,8.30842724636152e-61
2915,1.3195356761612008e-17,1.4183983862110427e-43,8.559648636993748e-61
2916,1.3020586396408104e-17,1.6037374516533004e-43,8.839934417110374e-61
2917,1.2848130836412315e-17,1.6646285630765404e-43,9.127008868140724e-61
2918,1.2677959422404029e-17,1.7135735136355195e-43,9.418610095963229e-61
2919,1.2510041901239323e-17,1.8356001064751695e-43,9.72683951569221e-61
2920,1.2344348420472268e-17,1.9923456654340243e-43,1.0056958203889127e-60
2921,1.2180849523047489e-17,2.096789399638448e-43,1.0399780958861978e-60
2922,1.2019516142063802e-17,2.5340576452380696e-43,1.0808609046375796e-60
2923,1.1860319595606343e-17,2.6201985262231347e-43,1.1225735602783441e-60
2924,1.170323158164765e-17,2.7266494792066353e-43,1.1654059554233518e-60
2925,1.1548224173015786e-17,2.985778974264481e-43,1.2116877415781758e-60
2926,1.1395269812429938e-17,3.0695298525717115e-43,1.2586375391681037e-60
2927,1.1244341307601012e-17,3.1762350474171817e-43,1.3065759798372945e-60
2928,1.1095411826397148e-17,3.294348355446986e-43,1.3556385389854465e-60
2929,1.0948454892073968e-17,3.356605808848709e-43,1.404966188925425e-60
2930,1.080344437856721e-17,3.6352010333263426e-43,1.4576804257797202e-60
2931,1.066035450584818e-17,3.670627323933617e-43,1.5102033854377858e-60
2932,1.0519159835340266e-17,3.671629483807313e-43,1.562044836957117e-60
2933,1.0379835265396917e-17,4.109419137041538e-43,1.619299142355645e-60
2934,1.0242356026838822e-17,4.211410726334871e-43,1.6771972963468364e-60
2935,1.0106697678550228e-17,4.3196723668258064e-43,1.7357972581899833e-60
2936,9.972836103134218e-18,4.5640674469382896e-43,1.796892584065192e-60
2937,9.840747502624899e-18,4.638527474087826e-43,1.8581622443128208e-60
2938,9.710408394256368e-18,4.818422166560358e-43,1.920965129206085e-60
2939,9.581795606288374e-18,5.1054125187939415e-43,1.9866272629829638e-60
2940,9.454886273886542e-18,5.192491073625894e-43,2.052524820548597e-60
2941,9.329657835057595e-18,5.323495563667284e-43,2.119190124403685e-60
2942,9.206088026638009e-18,5.6573655093161686e-43,2.1890980816182623e-60
2943,9.084154880336457e-18,6.251833839109102e-43,2.2653286586339707e-60
2944,8.963836718828072e-18,7.060178727519774e-43,2.3502754310755491e-60
2945,8.84511215190046e-18,7.120600489589581e-43,2.4348144520146564e-60
2946,8.727960072651313e-18,7.220570911092214e-43,2.5194049415746925e-60
2947,8.612359653735772e-18,7.276051149133091e-43,2.603516397663761e-60
2948,8.498290343663847e-18,7.350103141571305e-43,2.6873585170954134e-60
2949,8.385731863146532e-18,7.614566011171707e-43,2.773066915097042e-60
2950,8.274664201490896e-18,8.549698721555595e-43,2.868026419583378e-60
2951,8.165067613042399e-18,8.695856034397975e-43,2.9633300350843067e-60
2952,8.056922613674329e-18,8.830840542960514e-43,3.058831159578106e-60
2953,7.95020997732425e-18,9.066182847549297e-43,3.155578786907492e-60
2954,7.844910732575812e-18,9.188428307665659e-43,3.252332243029727e-60
2955,7.741006159285835e-18,9.812321656362121e-43,3.354286752498558e-60
2956,7.638477785256577e-18,1.0140185133098306e-42,3.45825242190378e-60
2957,7.537307382951508e-18,1.053716215096908e-42,3.5648573153005087e-60
2958,7.437476966254923e-18,1.2888180821117008e-42,3.693520561483814e-60
2959,7.338968787274153e-18,1.3696597494961553e-42,3.8284432492299384e-60
2960,7.24176533318465e-18,1.4009538423299845e-42,3.9646208017243724e-60
2961,7.145849323116396e-18,1.404849339205582e-42,4.0993683450879953e-60
2962,7.051203705081544e-18,1.5216677896255518e-42,4.2433875334808325e-60
2963,6.957811652943223e-18,1.6008083063351657e-42,4.3928903062895446e-60
2964,6.865656563423968e-18,1.6460723498168464e-42,4.544584251042087e-60
2965,6.774722053154087e-18,1.7038712244371543e-42,4.699524946399221e-60
2966,6.684991955758824e-18,2.043220938623731e-42,4.882863360221969e-60
2967,6.596450318984587e-18,2.0812820650892803e-42,5.067143480853838e-60
2968,6.509081401862796e-18,2.248895510262562e-42,5.263627046305536e-60
2969,6.422869671911318e-18,2.42352382640504e-42,5.47256322795854e-60
2970,6.33779980237337e-18,2.5478252594647923e-42,5.689306390386698e-60
2971,6.253856669492535e-18,2.578981160747364e-42,5.905794148660485e-60
2972,6.171025349824147e-18,2.6321031586530363e-42,6.123814726795047e-60
2973,6.08929111758202e-18,2.748413632059753e-42,6.348454204895247e-60
2974,6.008639442020753e-18,2.7867396655689133e-42,6.573209428276424e-60
2975,5.929055984852316e-18,2.886758802894072e-42,6.802947673822152e-60
2976,5.850526597696858e-18,2.9490950642649824e-42,7.034538301882069e-60
2977,5.7730373195676525e-18,3.0111209122332903e-42,7.26786788773078e-60
2978,5.696574374388987e-18,3.030516910482394e-42,7.499590136120013e-60
2979,5.6211241685469185e-18,3.3291563722419757e-42,7.750775669686105e-60
2980,5.546673288472841e-18,3.533328463903817e-42,8.013835083414532e-60
2981,5.473208498258657e-18,3.9820005485300354e-42,8.306371918345056e-60
2982,5.4007167373037675e-18,4.0968473990953075e-42,8.603359600668936e-60
2983,5.3291851179929976e-18,4.1680987184302e-42,8.901510451445392e-60
2984,5.258600923405669e-18,4.396300725496556e-42,9.211819797318254e-60
2985,5.188951605054656e-18,4.5441992132476645e-42,9.528320174972166e-60
2986,5.120224780655404e-18,4.6909907153857554e-42,9.850717070127002e-60
2987,5.052408231924826e-18,4.707177483009186e-42,1.0169941601286974e-59
2988,4.9854899024089786e-18,5.008680169268588e-42,1.050511411129358e-59
2989,4.919457895339737e-18,5.284459624701659e-42,1.0854057586589002e-59
2990,4.8543004715196386e-18,5.839663013699722e-42,1.123455498453919e-59
2991,4.7900060472350975e-18,5.88374748325015e-42,1.1612847141610376e-59
2992,4.726563192196938e-18,5.889855591072827e-42,1.1986516396070502e-59
2993,4.663960627508216e-18,6.41766976251235e-42,1.2388278982529038e-59
2994,4.60218722365925e-18,6.418155193800857e-42,1.2784750275281035e-59
2995,4.541231998548915e-18,6.5322403409303e-42,1.3182924455737254e-59
2996,4.48108411553214e-18,6.773700689291279e-42,1.3590348212387393e-59
2997,4.421732881493562e-18,6.977105396483357e-42,1.4004448027685904e-59
2998,4.363167744946368e-18,7.273968030878249e-42,1.4430448958654208e-59
2999,4.305378294156513e-18,7.294775560546184e-42,1.4852010031933432e-59
3000,4.248354255291589e-18,7.360344104785219e-42,1.5271726580223919e-59
3001,4.192085490594532e-18,7.466631519584853e-42,1.5691864712279068e-59
3002,4.1365619965812256e-18,7.844975598491765e-42,1.612744516795646e-59
3003,4.081773902261995e-18,8.281502119300706e-42,1.6581172887173617e-59
3004,4.027711467386915e-18,8.295419001672455e-42,1.7029643436713032e-59
3005,3.974365080714065e-18,8.393071461124993e-42,1.747738347225107e-59
3006,3.921725258300895e-18,9.161578536280014e-42,1.7959647339425157e-59
3007,3.869782641818058e-18,9.334453954545665e-42,1.8444503301262827e-59
3008,3.818527996885847e-18,9.931796479265427e-42,1.8953554003346558e-59
3009,3.76795221143242e-18,1.0001214507490778e-41,1.945937328255111e-59
3010,3.718046294073771e-18,1.001792293370048e-41,1.995932691658568e-59
3011,3.668801372515401e-18,1.1010855221943685e-41,2.0501555618280867e-59
3012,3.620208691974914e-18,1.1783122329960779e-41,2.1074129117430126e-59
3013,3.572259613625515e-18,1.2149452476752588e-41,2.1656684166140233e-59
3014,3.524945613060348e-18,1.3894482261879837e-41,2.231408770773152e-59
3015,3.478258278776922e-18,1.5679358639227064e-41,2.304611516587084e-59
3016,3.4321893106817565e-18,1.5798623726331662e-41,2.3773941458266733e-59
3017,3.3867305186146972e-18,1.6649687692606983e-41,2.453081614906643e-59
3018,3.3418738208930063e-18,1.6814718407982221e-41,2.5285068889968638e-59
3019,3.2976112428745264e-18,1.6991375637917218e-41,2.6037150979783247e-59
3020,3.2539349155398745e-18,1.743283832236728e-41,2.6798553332723024e-59
3021,3.2108370740936256e-18,1.842825473525572e-41,2.759277133343416e-59
3022,3.1683100565837918e-18,1.918760350817324e-41,2.8408762883797993e-59
3023,3.1263463025397208e-18,1.9904772842921273e-41,2.9244041875681447e-59
3024,3.0849383516279037e-18,2.07809706283619e-41,3.010453928736057e-59
3025,3.0440788423258096e-18,2.0975051664430985e-41,3.0961569605955295e-59
3026,3.00376051061308e-18,2.311142804211961e-41,3.189338382811235e-59
3027,2.9639761886800687e-18,2.3563110365240145e-41,3.2830826196626143e-59
3028,2.9247188036536704e-18,2.4609757637088216e-41,3.379694092759166e-59
3029,2.8859813763398397e-18,2.475190121905455e-41,3.4755765901943904e-59
3030,2.847757019982766e-18,2.592055971042503e-41,3.5746562613289998e-59
3031,2.810038939040666e-18,2.7645041032003783e-41,3.6789280508582792e-59
3032,2.772820427977587e-18,2.7756800884242296e-41,3.782234730936864e-59
3033,2.7360948700713354e-18,2.8026430096697683e-41,3.8851633590790426e-59
3034,2.6998557362370733e-18,2.8153710725102007e-41,3.98718996816885e-59
3035,2.664096583866693e-18,2.8230093376379863e-41,4.088138389216453e-59
3036,2.6288110556833893e-18,3.131807085900738e-41,4.198645856410674e-59
3037,2.593992878611402e-18,3.252512686694322e-41,4.311892419064882e-59
3038,2.5596358626609026e-18,3.2828899457735923e-41,4.42468272129556e-59
3039,2.5257338998274543e-18,3.3760312651529933e-41,4.539136807771336e-59
3040,2.4922809630061716e-18,3.486245651580158e-41,4.655761963297119e-59
3041,2.4592711049201436e-18,3.7740094873259783e-41,4.780341480889073e-59
3042,2.4266984570632322e-18,3.9388461202447856e-41,4.908640128526368e-59
3043,2.3945572286567138e-18,3.9704798450557615e-41,5.0362562281097835e-59
3044,2.3628417056197408e-18,4.104672858403419e-41,5.166438074709715e-59
3045,2.331546249553593e-18,4.1914724669490906e-41,5.297612117151588e-59
3046,2.300665296739211e-18,4.3033572393397037e-41,5.430503889003067e-59
3047,2.2701933571481116e-18,4.317534594443191e-41,5.562067542347422e-59
3048,2.240125013466301e-18,5.286435730755643e-41,5.721021908751586e-59
3049,2.210454920131282e-18,5.422446968097245e-41,5.881906416399223e-59
3050,2.1811778023816657e-18,5.79487412521302e-41,6.051563628507288e-59
3051,2.1522884553193797e-18,5.803430529178793e-41,6.2192209472166005e-59
3052,2.1237817429844295e-18,5.829365781776861e-41,6.385397000652916e-59
3053,2.0956525974417792e-18,6.199459078218294e-41,6.559782487349822e-59
3054,2.0678960178803286e-18,6.292859074102502e-41,6.734450730909145e-59
3055,2.040507069723955e-18,6.575284558046531e-41,6.914540858782885e-59
3056,2.013480883754184e-18,6.608821898481644e-41,7.093152108452345e-59
3057,1.9868126552445653e-18,6.978928847177024e-41,7.279267777701232e-59
3058,1.960497643106431e-18,7.051243622207625e-41,7.464821339208566e-59
3059,1.934531169046108e-18,7.632789541360088e-41,7.663017970842199e-59
3060,1.9089086167331654e-18,7.885245677346089e-41,7.865058090710403e-59
3061,1.883625430979681e-18,8.707457403802909e-41,8.085210353691307e-59
3062,1.8586771169305e-18,1.108438466150655e-40,8.361747063268495e-59
3063,1.8340592392640838e-18,1.1495641857600226e-40,8.644745368215831e-59
3064,1.8097674214040222e-18,1.1652964669612682e-40,8.927817063499795e-59
3065,1.7857973447409135e-18,1.2055301882580778e-40,9.216783573822175e-59
3066,1.762144747864677e-18,1.2625037743243036e-40,9.515398502110374e-59
3067,1.738805425806918e-18,1.3340346132057658e-40,9.826753136848445e-59
3068,1.715775229293332e-18,1.3622040114429743e-40,1.0140471397599716e-58
3069,1.6930500640061164e-18,1.5401769624606745e-40,1.049047915803452e-58
3070,1.6706258898560468e-18,1.5577730490220453e-40,1.0839796899410073e-58
3071,1.6484987202641905e-18,1.604298802512178e-40,1.1194782816202063e-58
3072,1.626664621453243e-18,1.6767624447959513e-40,1.1560888785223671e-58
3073,1.6051197117481322e-18,1.6910084995684412e-40,1.192521503956144e-58
3074,1.5838601608859554e-18,1.7412537789560712e-40,1.2295397772338183e-58
3075,1.5628821893349888e-18,1.9776507986575098e-40,1.2710268794258019e-58
3076,1.542182067622828e-18,1.997276771750719e-40,1.3123707516939133e-58
3077,1.5217561156733269e-18,2.1645648480945974e-40,1.3565840492726727e-58
3078,1.50160070215232e-18,2.282619143286626e-40,1.402591182016581e-58
3079,1.4817122438221082e-18,2.3054013135232317e-40,1.4484420599750036e-58
3080,1.4620872049043844e-18,2.4052673114050324e-40,1.4956455245688563e-58
3081,1.4427220964516637e-18,2.6481705797218176e-40,1.5469276350464736e-58
3082,1.423613475726975e-18,2.945091157298389e-40,1.6032042649709234e-58
3083,1.4047579455918725e-18,3.127613986836754e-40,1.6621770847506916e-58
3084,1.386152153902459e-18,3.1818671575102177e-40,1.721378242266713e-58
3085,1.367792792913411e-18,3.3384805602739536e-40,1.7826706120277017e-58
3086,1.3496765986899863e-18,3.8240319668057424e-40,1.8519475178549395e-58
3087,1.3318003505277295e-18,4.1549573288499244e-40,1.9262225661690486e-58
3088,1.314160870379867e-18,4.255059603447426e-40,2.0012796055720313e-58
3089,1.296755022292368e-18,4.257008376990609e-40,2.07537644668914e-58
3090,1.2795797118463968e-18,4.444737635192473e-40,2.1517161954244627e-58
3091,1.2626318856082024e-18,4.470117791174681e-40,2.2274749750135527e-58
3092,1.2459085305862438e-18,4.593275367173973e-40,2.30428994969242e-58
3093,1.229406673695592e-18,4.835400332542618e-40,2.3840830339890486e-58
3094,1.2131233812293461e-18,4.851487858861808e-40,2.463081229691336e-58
3095,1.1970557583370534e-18,4.901925018683659e-40,2.5418435123378402e-58
3096,1.181200948510112e-18,4.9502493123772944e-40,2.6203287737815297e-58
3097,1.1655561330739063e-18,5.309264097644267e-40,2.7033912306912473e-58
3098,1.1501185306867175e-18,5.318574093328104e-40,2.7854972628108494e-58
3099,1.1348853968452237e-18,5.324299564275989e-40,2.866603030685673e-58
3100,1.11985402339663e-18,5.420187415958917e-40,2.9480758918963194e-58
3101,1.1050217380571862e-18,5.752204573498818e-40,3.0333942314613073e-58
3102,1.0903859039370852e-18,6.345598095294595e-40,3.1262673525768675e-58
3103,1.0759439190717216e-18,6.51427135389744e-40,3.220346360878726e-58
3104,1.0616932159590903e-18,6.762280312509581e-40,3.3167136099766914e-58
3105,1.0476312611033119e-18,6.84722162846622e-40,3.412998931403693e-58
3106,1.033755554564273e-18,7.171110592903977e-40,3.512503157549822e-58
3107,1.0200636295131542e-18,7.195524819789459e-40,3.611023744085844e-58
3108,1.006553051793893e-18,7.683666943554339e-40,3.714834523495654e-58
3109,9.932214194904075e-19,7.91539175690552e-40,3.820359615936758e-58
3110,9.800663624996276e-19,8.553103257438373e-40,3.9328761767363844e-58
3111,9.670855421101146e-19,8.780326857627974e-40,4.04685202263647e-58
3112,9.542766505862636e-19,8.882136547792909e-40,4.160622346177182e-58
3113,9.416374107580754e-19,9.242774569949867e-40,4.277443990644658e-58
3114,9.291655756162917e-19,9.473136464134301e-40,4.395591386900961e-58
3115,9.168589279129345e-19,9.643889815797805e-40,4.514275341353978e-58
3116,9.047152797670979e-19,1.0808277951462994e-39,4.645527265858949e-58
3117,8.927324722760231e-19,1.087906532325583e-39,4.7758890113103504e-58
3118,8.809083751312695e-19,1.2037658141522607e-39,4.918223450571048e-58
3119,8.69240886239968e-19,1.2783133354677944e-39,5.067370516982779e-58
3120,8.57727931351148e-19,1.344872207761686e-39,5.222205047574659e-58
3121,8.463674636869515e-19,1.4358888155567762e-39,5.3853287321598004e-58
3122,8.351574635787678e-19,1.485842555688768e-39,5.5518916842599496e-58
3123,8.240959381081525e-19,1.4931174112622822e-39,5.717053247012919e-58
3124,8.131809207525611e-19,1.645187960236418e-39,5.8966257984048245e-58
3125,8.024104710357219e-19,1.742117579675333e-39,6.084259696331972e-58
3126,7.917826741826402e-19,1.9330387945118954e-39,6.289699132503956e-58
3127,7.812956407792236e-19,2.0187598892393043e-39,6.501407156423256e-58
3128,7.709475064363633e-19,2.050976039768674e-39,6.713644912358394e-58
3129,7.607364314584661e-19,2.168933922805067e-39,6.935116381437066e-58
3130,7.506606005164259e-19,2.2994309998700465e-39,7.166803161612837e-58
3131,7.40718222324871e-19,2.7794505300886655e-39,7.44314664496143e-58
3132,7.309075293237201e-19,2.8143569112902744e-39,7.71925456148479e-58
3133,7.212267773639236e-19,2.9059255345214998e-39,8.000570004618208e-58
3134,7.116742453974193e-19,3.474025223525564e-39,8.332427374619912e-58
3135,7.022482351711479e-19,3.579237337131876e-39,8.669806652040485e-58
3136,6.929470709251222e-19,3.698562820774533e-39,9.013816054743164e-58
3137,6.837690990945398e-19,4.003788013262865e-39,9.381282590756663e-58
3138,6.747126880157917e-19,4.2978993144932095e-39,9.770518020427867e-58
3139,6.657762276363938e-19,4.3600605093687184e-39,1.0160153100365376e-57
3140,6.569581292287329e-19,4.504126246981401e-39,1.0557331385229482e-57
3141,6.482568251076496e-19,4.5523691908501314e-39,1.0953446873239851e-57
3142,6.396707683517209e-19,4.741374766422025e-39,1.1360544001696126e-57
3143,6.311984325282342e-19,4.744838148587004e-39,1.1762542623925325e-57
3144,6.228383114218448e-19,4.8903500839330765e-39,1.2171381813468547e-57
3145,6.145889187667861e-19,4.992349578173304e-39,1.2583220332885228e-57
3146,6.064487879826282e-19,5.000989045313842e-39,1.2990307381675188e-57
3147,5.984164719135748e-19,5.0111235822504233e-39,1.339281666641241e-57
3148,5.904905425711694e-19,5.05048594920589e-39,1.3793114614194582e-57
3149,5.82669590880436e-19,5.448756299702706e-39,1.4219259212140127e-57
3150,5.74952226429356e-19,5.4505802365334344e-39,1.463990035369195e-57
3151,5.673370772217054e-19,5.5626775510341417e-39,1.506350654914368e-57
3152,5.598227894331282e-19,5.938101657350412e-39,1.5509712596855263e-57
3153,5.524080271704409e-19,5.940125967861878e-39,1.5950158815476375e-57
3154,5.450914722341611e-19,5.973655344682344e-39,1.6387224590474072e-57
3155,5.37871823884141e-19,6.295413091839679e-39,1.6841731277886024e-57
3156,5.307477986083298e-19,6.460444077682558e-39,1.7301974946909782e-57
3157,5.237181298945742e-19,6.538482856360968e-39,1.776160863061766e-57
3158,5.167815680054815e-19,6.952231898422397e-39,1.8243854498924973e-57
3159,5.099368797562278e-19,7.345141683180756e-39,1.8746606548604685e-57
3160,5.03182848295312e-19,7.440571109778165e-39,1.9249145062230914e-57
3161,4.965182728882451e-19,7.681213692780024e-39,1.976106534096418e-57
3162,4.899419687040721e-19,7.915429258295487e-39,2.0281608046472722e-57
3163,4.834527666047218e-19,8.296636608844817e-39,2.081999356346935e-57
3164,4.770495129371776e-19,8.376280632416495e-39,2.1356348060268347e-57
3165,4.7073106932836765e-19,8.794497382008435e-39,2.191202341802882e-57
3166,4.6449631248279e-19,8.95674950008292e-39,2.2470454970626484e-57
3167,4.583441339828003e-19,9.144871656960365e-39,2.3033063798557652e-57
3168,4.522734400915761e-19,1.0050759905191131e-38,2.36432146661437e-57
3169,4.462831515586625e-19,1.0411400259141316e-38,2.426688758198278e-57
3170,4.403722034280923e-19,1.0647898351569953e-38,2.4896279330539922e-57
3171,4.345395448490776e-19,1.1512370295251471e-38,2.5567756584213844e-57
3172,4.2878413888917585e-19,1.2124033157935089e-38,2.6265543911166107e-57
3173,4.231049623499499e-19,1.238485459039917e-38,2.69689016674813e-57
3174,4.175010055850514e-19,1.2507746986428137e-38,2.766983040086363e-57
3175,4.119712723207435e-19,1.2998008649413407e-38,2.8388585608847863e-57
3176,4.0651477947877358e-19,1.3208578166081697e-38,2.9109310731006115e-57
3177,4.0113055700159287e-19,1.3821356006187655e-38,2.985348328774244e-57
3178,3.9581764767991647e-19,1.4061644393027474e-38,3.060056570348058e-57
3179,3.9057510698254156e-19,1.4433453699494884e-38,3.1357245387713366e-57
3180,3.8540200288841976e-19,1.479921611659524e-38,3.212282424253889e-57
3181,3.8029741572097917e-19,1.5355812022177264e-38,3.290667505247925e-57
3182,3.752604379846124e-19,1.5467293420741687e-38,3.368575917850053e-57
3183,3.702901742033472e-19,1.602776861245323e-38,3.4482381556790285e-57
3184,3.653857407616378e-19,1.6661669116319393e-38,3.5299542028878024e-57
3185,3.605462657472912e-19,1.674027214780144e-38,3.610968331680449e-57
3186,3.557708887964503e-19,1.7120104441340218e-38,3.692723283825614e-57
3187,3.5105876094063044e-19,1.786330222541618e-38,3.776897447838927e-57
3188,3.464090444558047e-19,1.7922186338134744e-38,3.8602305330994704e-57
3189,3.418209127134629e-19,1.8247530446898821e-38,3.9439526067622354e-57
3190,3.372935500336581e-19,1.9888421642722983e-38,4.0339947046677214e-57
3191,3.328261515399851e-19,2.093380513128649e-38,4.127514354178076e-57
3192,3.284179230165035e-19,2.094592595255806e-38,4.2198487824128755e-57
3193,3.240680807665347e-19,2.613860369560612e-38,4.3335475851232133e-57
3194,3.1977585147332865e-19,2.619849726849236e-38,4.445997542537015e-57
3195,3.1554047206259754e-19,2.6341570814012047e-38,4.557564089208997e-57
3196,3.1136118956684674e-19,2.6441673068617866e-38,4.6680713106230373e-57
3197,3.072372609915163e-19,2.655694909930484e-38,4.7775902718872563e-57
3198,3.031679531828827e-19,2.668622222438343e-38,4.8861847243678717e-57
3199,2.991525426977311e-19,3.2360524868011853e-38,5.016125515227896e-57
3200,2.9519031567473517e-19,3.3135120091605474e-38,5.14741438346507e-57
3201,2.912805677075399e-19,3.5339763873876224e-38,5.285583953432119e-57
3202,2.8742260371954473e-19,3.7957775605409494e-38,5.43202368478219e-57
3203,2.836157378403263e-19,3.822257155012013e-38,5.577531888232327e-57
3204,2.798592932836978e-19,4.11273842471496e-38,5.732024626915901e-57
3205,2.7615260222740205e-19,4.786373400200979e-38,5.90944070166207e-57
3206,2.724950056943777e-19,4.998806505738768e-38,6.092276875108567e-57
3207,2.6888585343560973e-19,5.098913098658012e-38,6.276304412381398e-57
3208,2.6532450381452046e-19,5.229747966601827e-38,6.462554021773897e-57
3209,2.618103236929105e-19,5.569985022285715e-38,6.658293328203714e-57
3210,2.583426883183935e-19,5.57331271952833e-38,6.851555491598533e-57
3211,2.549209812133218e-19,5.686342594512098e-38,7.046125480173674e-57
3212,2.5154459406519987e-19,6.059365144218007e-38,7.25071310616083e-57
3213,2.4821292661853115e-19,6.191654426513119e-38,7.45699844109919e-57
3214,2.4492538656810753e-19,6.662497985862952e-38,7.676030730743102e-57
3215,2.416813894537024e-19,6.795166148283811e-38,7.896465724512462e-57
3216,2.3848035855617553e-19,6.828406734558517e-38,8.115045133894486e-57
3217,2.3532172479493823e-19,6.999270594716712e-38,8.336126457939564e-57
3218,2.3220492662677717e-19,7.151854581732938e-38,8.559035330532559e-57
3219,2.2912940994603303e-19,7.68636146387511e-38,8.795430659496327e-57
3220,2.260946279860862e-19,7.792122728448367e-38,9.031904594356193e-57
3221,2.231000412221478e-19,7.846710074120805e-38,9.266881135640439e-57
3222,2.20145117275352e-19,8.038022002369092e-38,9.504398572637156e-57
3223,2.1722933081810357e-19,8.282610722727854e-38,9.745901814397062e-57
3224,2.1435216348068774e-19,8.56160168370082e-38,9.992233421600147e-57
3225,2.1151310375910805e-19,8.851283525854224e-38,1.0243526647025492e-56
3226,2.087116469241604e-19,8.873783035464638e-38,1.0492121848390942e-56
3227,2.0594729493169725e-19,8.898066858867901e-38,1.073809573689476e-56
3228,2.0321955633408074e-19,9.266162749286791e-38,1.0990852434725017e-56
3229,2.0052794619282195e-19,9.403262405249123e-38,1.1243951599233877e-56
3230,1.9787198599236224e-19,1.0366629366273136e-37,1.1519285149331262e-56
3231,1.9525120355500555e-19,1.0566238168705686e-37,1.179620326354598e-56
3232,1.926651329569688e-19,1.1056293433218723e-37,1.2082126817255118e-56
3233,1.9011331444555823e-19,1.1267752198582302e-37,1.2369659403678413e-56
3234,1.8759529435743004e-19,1.2210669318947756e-37,1.2677126510024424e-56
3235,1.85110625037934e-19,1.2930835469809947e-37,1.2998415011697303e-56
3236,1.8265886476153731e-19,1.2982606402945821e-37,1.331671739832566e-56
3237,1.8023957765329035e-19,1.3063641842566765e-37,1.3632764401290434e-56
3238,1.7785233361133276e-19,1.369020520535259e-37,1.395958300938698e-56
3239,1.7549670823043765e-19,1.3982777970678386e-37,1.4288964876218492e-56
3240,1.7317228272655536e-19,1.4068091091096973e-37,1.4615967173449342e-56
3241,1.7087864386236444e-19,1.4569407512471628e-37,1.495013676643774e-56
3242,1.6861538387380125e-19,1.4919519028030112e-37,1.528780427108522e-56
3243,1.6638210039757481e-19,1.5565983971742596e-37,1.5635436819038203e-56
3244,1.6417839639963084e-19,1.5663369791456398e-37,1.5980611125345277e-56
3245,1.6200388010456332e-19,1.6268293217094794e-37,1.6334367812280368e-56
3246,1.5985816492597156e-19,1.7201987031360194e-37,1.670347345903165e-56
3247,1.5774086939772812e-19,1.8179902672939323e-37,1.7088395725364803e-56
3248,1.5565161710616373e-19,1.8305525264248999e-37,1.7470844331431024e-56
3249,1.5359003662314393e-19,1.841198330667644e-37,1.7850422185818328e-56
3250,1.515557614400432e-19,2.064589800189146e-37,1.8270416565199093e-56
3251,1.4954842990258334e-19,2.1372685723085347e-37,1.8699437226120768e-56
3252,1.4756768514653537e-19,2.262243301177563e-37,1.914752988169198e-56
3253,1.4561317503428252e-19,2.280463163401916e-37,1.9593248713040896e-56
3254,1.4368455209221368e-19,2.3232333453608738e-37,2.0041312826005129e-56
3255,1.4178147344894645e-19,2.3404941586580837e-37,2.048672727080852e-56
3256,1.399036007743775e-19,2.508528157304846e-37,2.0957796918807476e-56
3257,1.380506002195299e-19,2.5509271065551412e-37,2.1430483853189724e-56
3258,1.362221423572034e-19,2.6288105019691244e-37,2.191115077627892e-56
3259,1.344179021234048e-19,2.7816260265547497e-37,2.241302293552806e-56
3260,1.3263755875956383e-19,2.951038464774542e-37,2.2938409110248137e-56
3261,1.3088079575550548e-19,3.1037872389899625e-37,2.3483670969640735e-56
3262,1.2914730079317808e-19,3.1860346564737927e-37,2.403596847232052e-56
3263,1.2743676569113475e-19,3.409101711025605e-37,2.4619107286635046e-56
3264,1.257488863497411e-19,3.479137881304632e-37,2.5206343782206463e-56
3265,1.2408336269711407e-19,3.4883302211985064e-37,2.578733343136444e-56
3266,1.2243989863577148e-19,3.5416898497988756e-37,2.6369397429821067e-56
3267,1.2081820198999709e-19,3.5539383350652892e-37,2.694573841754751e-56
3268,1.1921798445389463e-19,3.789785783710288e-37,2.755218658446401e-56
3269,1.1763896154013028e-19,4.0365478437905e-37,2.818956673824914e-56
3270,1.1608085252936149e-19,4.1269726372713536e-37,2.8832594063582015e-56
3271,1.1454338042032708e-19,4.226412623686331e-37,2.948239321660088e-56
3272,1.130262718806036e-19,4.315625846969631e-37,3.0137120499269785e-56
3273,1.1152925719800887e-19,4.4285779751951386e-37,3.080008512445806e-56
3274,1.1005207023265735e-19,4.457801555994273e-37,3.1458585759721905e-56
3275,1.0859444836964322e-19,4.628248841952376e-37,3.213320942967187e-56
3276,1.0715613247235023e-19,5.075938751119039e-37,3.286328976961387e-56
3277,1.0573686683638704e-19,5.3925496078585496e-37,3.362863580447992e-56
3278,1.0433639914412552e-19,5.550623032086529e-37,3.44059826273159e-56
3279,1.0295448041984152e-19,6.038736977170216e-37,3.524048699729367e-56
3280,1.0159086498545628e-19,6.452081826513383e-37,3.6120302833548687e-56
3281,1.0024531041685667e-19,7.583462282232394e-37,3.714069906551475e-56
3282,9.891757750079846e-20,7.749797881753686e-37,3.8169665239555e-56
3283,9.760743019237601e-20,8.077141813987914e-37,3.922788980028927e-56
3284,9.631463557306235e-20,8.11905923598713e-37,4.0277517409706575e-56
3285,9.50389638092987e-20,8.217868695615236e-37,4.132584771503793e-56
3286,9.378018811163256e-20,8.816272856501888e-37,4.2435618716613745e-56
3287,9.253808469440305e-20,9.38035615282285e-37,4.360075595983886e-56
3288,9.131243273595347e-20,9.76054978507736e-37,4.479705965580133e-56
3289,9.010301433937489e-20,1.0168385740168591e-36,4.602684293356804e-56
3290,8.890961449376577e-20,1.0885555247349462e-36,4.732592492872368e-56
3291,8.773202103601104e-20,1.1786729159116062e-36,4.871392244333387e-56
3292,8.657002461306181e-20,1.214764064687578e-36,5.01254739412281e-56
3293,8.542341864471454e-20,1.2711342768682799e-36,5.158296408965606e-56
3294,8.429199928688894e-20,1.3377194682462226e-36,5.309648579137001e-56
3295,8.317556539538655e-20,1.4599086322040557e-36,5.472637726685952e-56
3296,8.207391849012947e-20,1.4667776938307627e-36,5.634224837396829e-56
3297,8.098686271987813e-20,1.6387252685906708e-36,5.8123634133046455e-56
3298,7.991420482741032e-20,1.731583496767948e-36,5.99810308373216e-56
3299,7.885575411516505e-20,1.8235523078757718e-36,6.191117107640922e-56
3300,7.781132241133797e-20,1.8305929067390868e-36,6.38231003450085e-56
3301,7.678072403643151e-20,2.2309353386531343e-36,6.61222986795458e-56
3302,7.5763775770243e-20,2.309449531967316e-36,6.8470889376929835e-56
3303,7.476029681929006e-20,2.477846895468171e-36,7.095735658021622e-56
3304,7.377010878467239e-20,2.5126762901241502e-36,7.3445378577564685e-56
3305,7.279303563035369e-20,2.6407924096051544e-36,7.602562594711846e-56
3306,7.182890365186697e-20,2.742161077442515e-36,7.866943113204239e-56
3307,7.087754144543131e-20,2.8553065816956276e-36,8.13858619016546e-56
3308,6.993877987748265e-20,2.8905812569392013e-36,8.409942849470185e-56
3309,6.901245205460359e-20,3.044631779932998e-36,8.69197556228756e-56
3310,6.809839329385156e-20,3.064378046133678e-36,8.972077722220027e-56
3311,6.719644109348441e-20,3.0811864154461876e-36,9.249986008935333e-56
3312,6.630643510406924e-20,3.290172448821046e-36,9.542813327501284e-56
3313,6.542821709997402e-20,3.292827878578366e-36,9.8319954002367e-56
3314,6.456163095124106e-20,3.32714114058701e-36,1.0120320842967929e-55
3315,6.37065225958282e-20,3.4054741441969164e-36,1.0411525782452455e-55
3316,6.286274001222054e-20,3.554988679220591e-36,1.0711489535697328e-55
3317,6.203013319240222e-20,3.6302682345344807e-36,1.101374814468165e-55
3318,6.120855411519063e-20,3.638784571410712e-36,1.1312703071716789e-55
3319,6.039785671991974e-20,3.686538062616736e-36,1.161156975220983e-55
3320,5.95978968804721e-20,3.803818880698799e-36,1.1915859986319e-55
3321,5.880853237965869e-20,3.970689132770193e-36,1.2229292090836437e-55
3322,5.802962288393369e-20,3.9832162478097304e-36,1.2539548586730948e-55
3323,5.726102991844683e-20,4.2323422759254784e-36,1.2864843436811843e-55
3324,5.650261684242356e-20,4.322959596406077e-36,1.319270234531531e-55
3325,5.575424882487552e-20,4.347932128722316e-36,1.3518087680075845e-55
3326,5.501579282062897e-20,4.4624498172936374e-36,1.3847619966198782e-55
3327,5.428711754667078e-20,4.750718503001405e-36,1.4193793076866062e-55
3328,5.356809345881127e-20,5.183112101628637e-36,1.4566471321980775e-55
3329,5.2858592728652565e-20,5.342336887308589e-36,1.4945510514210699e-55
3330,5.215848922086211e-20,5.744758152937752e-36,1.5347703047638653e-55
3331,5.146765847075056e-20,5.819292174776982e-36,1.57497176454606e-55
3332,5.078597766214285e-20,6.003165349451303e-36,1.6158941906422574e-55
3333,5.0113325605544646e-20,6.714365887750822e-36,1.6610585108737416e-55
3334,4.9449582716595786e-20,6.849913215153277e-36,1.7065243227384897e-55
3335,4.8794630994812684e-20,7.041166435549384e-36,1.7526405635417343e-55
3336,4.814835400260904e-20,7.431379414813304e-36,1.8006678589030306e-55
3337,4.7510636844594525e-20,8.043230864745852e-36,1.851960922186234e-55
3338,4.688136614715069e-20,8.08779615142552e-36,1.9028550534361455e-55
3339,4.6260430038273967e-20,8.505450631759769e-36,1.955668467631425e-55
3340,4.5647718127687714e-20,8.624388178304688e-36,2.0085111212150905e-55
3341,4.5043121487215655e-20,9.287731067367915e-36,2.0646644312244764e-55
3342,4.444653263141857e-20,9.494965315190494e-36,2.1213103361567015e-55
3343,4.385784549848445e-20,9.614106117620175e-36,2.1779073418177632e-55
3344,4.3276955431371924e-20,1.0254705819547129e-35,2.237475909335123e-55
3345,4.2703759159206115e-20,1.0315995365585296e-35,2.2966068102074558e-55
3346,4.213815477891786e-20,1.0641795575052004e-35,2.3567972721212716e-55
3347,4.1580041737127955e-20,1.1151430158775816e-35,2.419034858183492e-55
3348,4.1029320812269563e-20,1.2078233866450402e-35,2.485552219439367e-55
3349,4.048589409695031e-20,1.2341035777789656e-35,2.5526167048029834e-55
3350,3.994966498054539e-20,1.4350729372053102e-35,2.6295694941124047e-55
3351,3.942053813202125e-20,1.5054272959431467e-35,2.7092256941908666e-55
3352,3.8898419482989277e-20,1.5055106233668235e-35,2.7878312114684233e-55
3353,3.838321621098145e-20,1.506262671514937e-35,2.8654343571551976e-55
3354,3.7874836722947497e-20,1.5324208284119004e-35,2.9433394887752587e-55
3355,3.73731906389731e-20,1.5417798039155247e-35,3.0206822688737626e-55
3356,3.6878188776210995e-20,1.5906534051409712e-35,3.0994199087291292e-55
3357,3.638974313302657e-20,1.6587206334210956e-35,3.180439395394593e-55
3358,3.590776687335185e-20,1.6867457300161661e-35,3.2617365351921435e-55
3359,3.5432174311249293e-20,1.7254284378995634e-35,3.34379662834267e-55
3360,3.4962880895677735e-20,1.7707179102426864e-35,3.426895253953822e-55
3361,3.4499803195460123e-20,1.7994428947309254e-35,3.5102234416903134e-55
3362,3.404285888445259e-20,2.1413476817257968e-35,3.608071105795691e-55
3363,3.359196672690748e-20,2.416700301137589e-35,3.717038227087676e-55
3364,3.314704656303169e-20,2.486596120383129e-35,3.827671902425052e-55
3365,3.2708019294734915e-20,2.8708067410686663e-35,3.953708146558986e-55
3366,3.2274806871568966e-20,2.9950584440775014e-35,4.0834577991672314e-55
3367,3.184733227685119e-20,3.069259254179854e-35,4.214660834743663e-55
3368,3.1425519513971755e-20,3.417997256959182e-35,4.358836321390891e-55
3369,3.100929359288432e-20,3.469796526077815e-35,4.5032582468961635e-55
3370,3.059858051677356e-20,3.732933829034561e-35,4.656574720480233e-55
3371,3.019330726889934e-20,3.918493453081204e-35,4.815380777330643e-55
3372,2.979340179961708e-20,4.040355803051415e-35,4.976956815679299e-55
3373,2.939879301356789e-20,4.087291050987951e-35,5.1382449116653076e-55
3374,2.900941075703958e-20,4.30348731994664e-35,5.305815072023485e-55
3375,2.8625185805493937e-20,4.430896922280639e-35,5.4760611875501885e-55
3376,2.824604985126115e-20,4.539339471947896e-35,5.64816386777854e-55
3377,2.787193549139546e-20,4.5835883589417257e-35,5.8196424902578724e-55
3378,2.750277621569158e-20,4.847875204526209e-35,5.998606300178439e-55
3379,2.713850639486179e-20,4.949682470708938e-35,6.1789082948553915e-55
3380,2.6779061268867403e-20,5.233773504319896e-35,6.367033732524025e-55
3381,2.6424376935406197e-20,5.42091277404116e-35,6.559305015925238e-55
3382,2.6074390338551015e-20,6.370631836802715e-35,6.782268591563223e-55
3383,2.5729039257540835e-20,6.663296380195136e-35,7.012386252362385e-55
3384,2.5388262295718526e-20,6.920583667391973e-35,7.248223799983477e-55
3385,2.5051998869615207e-20,7.288222260318795e-35,7.493300058729204e-55
3386,2.4720189198180785e-20,7.295599504726997e-35,7.735375106187264e-55
3387,2.4392774292155498e-20,7.55085834729764e-35,7.982601463806337e-55
3388,2.4069695943582252e-20,7.601224300161233e-35,8.228180563209429e-55
3389,2.3750896715459457e-20,8.621684835193084e-35,8.503039210267184e-55
3390,2.343631993152914e-20,8.79586909184198e-35,8.779736831345557e-55
3391,2.3125909666201358e-20,9.092081315707164e-35,9.0619643687046e-55
3392,2.2819610734611067e-20,9.7756738082162e-35,9.361392213007782e-55
3393,2.2517368682808315e-20,9.85185340409968e-35,9.659156651699283e-55
3394,2.2219129778076912e-20,1.0587749802247257e-34,9.974924542158518e-55
3395,2.192484099938132e-20,1.105652241346452e-34,1.030030558992641e-54
3396,2.1634450027941508e-20,1.1063439631169524e-34,1.0621577888122512e-54
3397,2.1347905237931067e-20,1.165459526829197e-34,1.0955534243503453e-54
3398,2.1065155687299458e-20,1.2467341938419e-34,1.1308047776569312e-54
3399,2.0786151108714902e-20,1.3210447350711195e-34,1.1676625306169176e-54
3400,2.051084190062875e-20,1.3684165143933496e-34,1.2053362973078821e-54
3401,2.0239179118456836e-20,1.3760552482575755e-34,1.2427185970242739e-54
3402,1.997111446587765e-20,1.388284034000145e-34,1.279933584749822e-54
3403,1.9706600286247086e-20,1.4515302437615447e-34,1.3183286179135754e-54
3404,1.944558955412557e-20,1.4531491532874956e-34,1.3562573703517084e-54
3405,1.918803586691745e-20,1.513102611874973e-34,1.395227886032972e-54
3406,1.8933893436622366e-20,1.5205338773003263e-34,1.4338711035252835e-54
3407,1.8683117081694465e-20,1.6020879006842598e-34,1.4740476799260526e-54
3408,1.8435662219010297e-20,1.781808024542163e-34,1.5181393859303157e-54
3409,1.8191484855942273e-20,1.9125105136360384e-34,1.5648385633362677e-54
3410,1.795054158253843e-20,2.2706006880844566e-34,1.6195471595742766e-54
3411,1.7712789563804592e-20,2.338992110225453e-34,1.6751571691751384e-54
3412,1.7478186532088772e-20,2.3943586460937777e-34,1.731329548913997e-54
3413,1.724669077956757e-20,2.4506891665844657e-34,1.7880619621954e-54
3414,1.701826115083083e-20,2.596154556115257e-34,1.8473658243350602e-54
3415,1.6792857035565273e-20,2.6503961848667775e-34,1.9071068450503704e-54
3416,1.657043836133428e-20,2.6779156352215284e-34,1.9666686895792123e-54
3417,1.6350965586454537e-20,2.737388627198106e-34,2.0267469173727544e-54
3418,1.6134399692965917e-20,2.753045005783761e-34,2.0863684825219487e-54
3419,1.592070217969452e-20,2.891653940910772e-34,2.1481624081633557e-54
3420,1.5709835055408607e-20,2.9648474989162483e-34,2.2106812947676306e-54
3421,1.5501760832064042e-20,2.976746769469842e-34,2.2726197219827188e-54
3422,1.529644251813988e-20,3.0793974026662493e-34,2.3358453902445066e-54
3423,1.5093843612061555e-20,3.1720561322942512e-34,2.4001109004866922e-54
3424,1.4893928095712275e-20,3.203780444983928e-34,2.464159442679561e-54
3425,1.469666042802938e-20,3.5406915516909368e-34,2.5340058391182214e-54
3426,1.450200553868551e-20,3.744983220698686e-34,2.606903768560197e-54
3427,1.430992882185444e-20,3.845506578818072e-34,2.6807669963813623e-54
3428,1.41203961300585e-20,3.99809240529626e-34,2.756543917943832e-54
3429,1.3933373768097547e-20,4.088905166434976e-34,2.833015588149934e-54
3430,1.3748828487059202e-20,4.1715874056037874e-34,2.9100002651642514e-54
3431,1.356672747840746e-20,4.209270022935926e-34,2.9866514968506693e-54
3432,1.3387038368150147e-20,4.4073195412407705e-34,3.0658462295491914e-54
3433,1.3209729211083108e-20,4.7549130641209396e-34,3.1501551922818245e-54
3434,1.3034768485111525e-20,4.830613520794249e-34,3.2346719571304554e-54
3435,1.2862125085645622e-20,4.880432265546977e-34,3.318929398849166e-54
3436,1.269176832007061e-20,4.946201127770286e-34,3.403191281450208e-54
3437,1.252366790229069e-20,4.986112676745589e-34,3.4870080438560774e-54
3438,1.2357793947344407e-20,5.177532355657693e-34,3.572889820725606e-54
3439,1.2194116966091877e-20,5.6071685992076015e-34,3.664666263694834e-54
3440,1.2032607859971835e-20,6.658049188602646e-34,3.772199820990282e-54
3441,1.1873237915829017e-20,6.793557135275671e-34,3.880468703108274e-54
3442,1.1715978800809252e-20,7.121098594708193e-34,3.9924544694055046e-54
3443,1.1560802557322185e-20,7.236963657894462e-34,4.1047549528739533e-54
3444,1.140768159807147e-20,7.286064013382277e-34,4.2163198639630745e-54
3445,1.1256588701150039e-20,7.300095618884439e-34,4.326619123449144e-54
3446,1.1107497005200335e-20,7.397617808981721e-34,4.436911461962026e-54
3447,1.0960380004639375e-20,8.263962413462277e-34,4.5584883982637336e-54
3448,1.0815211544946256e-20,8.293481497376624e-34,4.6788835917104885e-54
3449,1.0671965818012548e-20,8.40463910276636e-34,4.799276455499612e-54
3450,1.0530617357553812e-20,8.558247026900561e-34,4.920245959647407e-54
3451,1.0391141034582654e-20,9.271113448234586e-34,5.0495560410082286e-54
3452,1.025351205294105e-20,9.365765613634592e-34,5.1784561193780766e-54
3453,1.0117705944891856e-20,9.55618576877975e-34,5.308234959083384e-54
3454,9.983698566769368e-21,1.0062078742515848e-33,5.443074238158041e-54
3455,9.851466094686755e-21,1.0652406195808228e-33,5.583933638648027e-54
3456,9.72098502030078e-21,1.076421268026511e-33,5.72438624219204e-54
3457,9.592232146632203e-21,1.1393074976204016e-33,5.871075356502823e-54
3458,9.465184583942223e-21,1.1731541935551327e-33,6.020121737453531e-54
3459,9.33981974566293e-21,1.1751742431735372e-33,6.167447266398972e-54
3460,9.216115344381647e-21,1.2701020766008398e-33,6.324564483350994e-54
3461,9.094049387879072e-21,1.3099608201806902e-33,6.484466103847247e-54
3462,8.973600175219288e-21,1.3272592364429985e-33,6.644333433872232e-54
3463,8.85474629289157e-21,1.3359043603614892e-33,6.803110853519721e-54
3464,8.73746661100387e-21,1.3410973402002453e-33,6.960394322958847e-54
3465,8.621740279526076e-21,1.3461489870511135e-33,7.116179206852821e-54
3466,8.507546724583412e-21,1.472173978337294e-33,7.284291986933242e-54
3467,8.394865644798565e-21,1.5024951518983601e-33,7.453594763020646e-54
3468,8.283677007682859e-21,1.561708212455896e-33,7.627238970736023e-54
3469,8.173961046074688e-21,1.5759603816199486e-33,7.800146979461836e-54
3470,8.065698254625127e-21,1.5784576526670146e-33,7.971035211124488e-54
3471,7.958869386330616e-21,1.585361290125633e-33,8.140397563586535e-54
3472,7.853455449110987e-21,1.5940968421573175e-33,8.308437588027715e-54
3473,7.749437702433155e-21,1.5999838548721062e-33,8.474864303332424e-54
3474,7.646797653979195e-21,1.6659801045057542e-33,8.645860581982227e-54
3475,7.545517056359109e-21,1.849655817969633e-33,8.833194828617662e-54
3476,7.445577903866624e-21,1.9218044400022556e-33,9.025258335607781e-54
3477,7.346962429277977e-21,1.97724749422435e-33,9.22024553562993e-54
3478,7.249653100693563e-21,2.1099502384818566e-33,9.425563376683123e-54
3479,7.15363261842095e-21,2.393481120031598e-33,9.655386588138949e-54
3480,7.058883911899183e-21,2.7638066065614375e-33,9.91725368918696e-54
3481,6.965390136664275e-21,2.8132349236513957e-33,1.0180273642821818e-53
3482,6.873134671354388e-21,2.8139984627838372e-33,1.0439880380387248e-53
3483,6.78210111475498e-21,2.9760273520280695e-33,1.0710798734779482e-53
3484,6.692273282882799e-21,3.314894598238204e-33,1.1008568529424026e-53
3485,6.603635206108975e-21,3.5007429863359044e-33,1.1318867655012292e-53
3486,6.516171126319789e-21,3.6135015370999976e-33,1.1634919241771552e-53
3487,6.4298654941150465e-21,3.620068097381757e-33,1.1947351507540303e-53
3488,6.344702966043984e-21,3.623007650011156e-33,1.2255895998236053e-53
3489,6.260668401877313e-21,3.813820769885745e-33,1.25763887644432e-53
3490,6.1777468619156764e-21,4.023375041006775e-33,1.2910013218686695e-53
3491,6.095923604333486e-21,4.175110752596676e-33,1.3251634381230586e-53
3492,6.0151840825583805e-21,4.397895703876166e-33,1.3606718377178338e-53
3493,5.935513942684992e-21,4.466040973352648e-33,1.3962528486205627e-53
3494,5.856899020922984e-21,4.5971571930704524e-33,1.4323933639266514e-53
3495,5.779325341079253e-21,4.664423933422071e-33,1.4685770168133234e-53
3496,5.702779112073073e-21,4.959536600495776e-33,1.5065403992519316e-53
3497,5.627246725484389e-21,5.0979213769466034e-33,1.5450462160761562e-53
3498,5.552714753134349e-21,5.186879580863352e-33,1.5837050526265454e-53
3499,5.479169944698276e-21,5.290258356881022e-33,1.6226121563699603e-53
3500,5.406599225349898e-21,6.1536863407491135e-33,1.6672699008092053e-53
3501,5.334989693436787e-21,6.403207992256601e-33,1.7131229735159841e-53
3502,5.264328618186927e-21,7.057199658064895e-33,1.762989905125165e-53
3503,5.194603437445318e-21,7.104195180076882e-33,1.8125240344206177e-53
3504,5.125801755440559e-21,7.241271803708483e-33,1.8623452024154956e-53
3505,5.057911340581346e-21,7.379535739882819e-33,1.912445176700399e-53
3506,4.990920123281786e-21,8.026196817274842e-33,1.9662136462079086e-53
3507,4.924816193815733e-21,8.20536135705977e-33,2.0204543090469642e-53
3508,4.859587800199331e-21,8.267619366384349e-33,2.074382662077075e-53
3509,4.795223346101955e-21,8.85414846203623e-33,2.1313719053026834e-53
3510,4.731711388784501e-21,8.936190796977557e-33,2.1881274021505103e-53
3511,4.669040637064992e-21,9.225361356972e-33,2.245943435263065e-53
3512,4.6071999493114284e-21,9.683641947856766e-33,2.3058277430645367e-53
3513,4.546178331460893e-21,1.0038373632422635e-32,2.367083523028395e-53
3514,4.4859649350650826e-21,1.0244615713421732e-32,2.4287698337158966e-53
3515,4.426549055361543e-21,1.0441691296361662e-32,2.490810061112509e-53
3516,4.3679201293707594e-21,1.0565366614349782e-32,2.552753670842329e-53
3517,4.310067734018173e-21,1.0920430573039136e-32,2.6159309775355225e-53
3518,4.252981584281066e-21,1.2110885050484781e-32,2.6850673572796087e-53
3519,4.1966515313602785e-21,1.2198184863135558e-32,2.7537797971674066e-53
3520,4.141067560875848e-21,1.2401191587731153e-32,2.8227105438858276e-53
3521,4.0862197910865684e-21,1.2436692520197207e-32,2.890923028714611e-53
3522,4.032098471133384e-21,1.245865854293938e-32,2.9583509332336012e-53
3523,3.97869397930576e-21,1.254831266895526e-32,3.02536455937157e-53
3524,3.925996821331191e-21,1.3200102668539005e-32,3.0949253489320235e-53
3525,3.873997628687187e-21,1.3871599954841547e-32,3.1670565487652594e-53
3526,3.82268715693591e-21,1.644717594133998e-32,3.2514477844178997e-53
3527,3.772056284080601e-21,1.6608855734170718e-32,3.335539870712796e-53
3528,3.722096008943796e-21,1.662377078022896e-32,3.418592686911939e-53
3529,3.672797449567245e-21,1.6783193693002557e-32,3.5013314139922023e-53
3530,3.624151841632775e-21,1.8949904160578903e-32,3.5935143748113335e-53
3531,3.576150536904213e-21,1.925951291386229e-32,3.685962549641531e-53
3532,3.5287850016897994e-21,1.963013312315598e-32,3.778941725812378e-53
3533,3.482046815325216e-21,1.9665633853060146e-32,3.8708553318125768e-53
3534,3.4359276686764815e-21,2.0057098299103007e-32,3.963356957593018e-53
3535,3.390419362662675e-21,2.1043863649800294e-32,4.0591240162618117e-53
3536,3.3455138067984504e-21,2.2243804809227456e-32,4.1590110582111783e-53
3537,3.3012030177556288e-21,2.3398109548388835e-32,4.262689927831127e-53
3538,3.2574791179438516e-21,2.5120006405987606e-32,4.372524392167788e-53
3539,3.2143343341102397e-21,2.56603851736242e-32,4.483235569308112e-53
3540,3.1717609959573677e-21,2.765165223655554e-32,4.600957883423362e-53
3541,3.1297515347796804e-21,2.805873246817723e-32,4.718831106655062e-53
3542,3.088298482117836e-21,2.814275944330961e-32,4.835491435580375e-53
3543,3.0473944684310958e-21,2.94215830081564e-32,4.955837518985494e-53
3544,3.0070322217870943e-21,3.1208874442421664e-32,5.081803547758164e-53
3545,2.9672045665689693e-21,3.2252410801749466e-32,5.2102573374947045e-53
3546,2.9279044221998073e-21,3.2889474983301954e-32,5.339513449001675e-53
3547,2.8891248018837687e-21,3.364347069084216e-32,5.469981550952138e-53
3548,2.850858811364015e-21,3.4911692658197754e-32,5.603574600980853e-53
3549,2.8130996476969622e-21,3.631912438671096e-32,5.740712577177039e-53
3550,2.7758405980429754e-21,3.8120715643160394e-32,5.882746740876441e-53
3551,2.7390750384728927e-21,3.9092303766437e-32,6.026471783162112e-53
3552,2.7027964327903647e-21,3.983384038888558e-32,6.170983401991026e-53
3553,2.666998331369962e-21,4.178078319909171e-32,6.32055067342952e-53
3554,2.631674370010501e-21,4.253397607327454e-32,6.470797526157178e-53
3555,2.5968182688035566e-21,4.275033978624649e-32,6.619808543179245e-53
3556,2.56242383101713e-21,4.28115778823908e-32,6.767056558380711e-53
3557,2.528484941993917e-21,4.6432417072870605e-32,6.92464302339228e-53
3558,2.494995568064278e-21,4.78754783390773e-32,7.084975003008048e-53
3559,2.4619497554734977e-21,4.800066216987398e-32,7.24359709163795e-53
3560,2.429341629323432e-21,4.990659837746265e-32,7.406333157199246e-53
3561,2.3971653925280116e-21,5.558461763411664e-32,7.58518353911707e-53
3562,2.3654153247825833e-21,5.642701801075297e-32,7.764339703568461e-53
3563,2.3340857815470536e-21,6.162380619313443e-32,7.957404273615032e-53
3564,2.3031711930423327e-21,6.712407705048679e-32,8.16491559569253e-53
3565,2.2726660632601703e-21,7.11931464678236e-32,8.382091212952676e-53
3566,2.2425649689860073e-21,7.603259767460734e-32,8.610957652003961e-53
3567,2.212862558834932e-21,7.742768685339038e-32,8.840936543200805e-53
3568,2.183553552300259e-21,7.903171474791988e-32,9.072570647600123e-53
3569,2.154632738814715e-21,7.923819718605838e-32,9.301733959775e-53
3570,2.126094976824191e-21,8.156570154527411e-32,9.534504217503915e-53
3571,2.097935192873616e-21,8.243889570970576e-32,9.766650366734845e-53
3572,2.070148380705026e-21,8.318729960999841e-32,9.997801353642371e-53
3573,2.042729600367488e-21,8.341406386333845e-32,1.0226512543055395e-52
3574,2.0156739773389643e-21,8.619709556244436e-32,1.0459724155424506e-52
3575,1.9889767016596736e-21,8.683276430759242e-32,1.0691543980095972e-52
3576,1.9626330270769295e-21,9.30430023777865e-32,1.0936653437780161e-52
3577,1.9366382702014378e-21,9.359452471469734e-32,1.1179950129263737e-52
3578,1.910987809674637e-21,9.755183081599178e-32,1.1430175067830011e-52
3579,1.885677085347071e-21,1.001581946358923e-31,1.1683682713187588e-52
3580,1.8607015974677665e-21,1.008668793129948e-31,1.1935602665358085e-52
3581,1.8360569058842097e-21,1.0139906160979009e-31,1.218549752538162e-52
3582,1.8117386292530015e-21,1.019435590823135e-31,1.243340669243498e-52
3583,1.787742444260889e-21,1.0588482499875723e-31,1.2687489877287746e-52
3584,1.764064084856241e-21,1.061070347941457e-31,1.2938733927809473e-52
3585,1.7406993414905917e-21,1.2061358228934214e-31,1.3220544467469684e-52
3586,1.717644060370224e-21,1.2114848404179115e-31,1.349985570315867e-52
3587,1.6948941427177857e-21,1.2247935052474435e-31,1.3778495217014876e-52
3588,1.6724455440435534e-21,1.2316116002502257e-31,1.405497476238034e-52
3589,1.6502942734264283e-21,1.2320697488690777e-31,1.4327893866644063e-52
3590,1.6284363928043804e-21,1.2630895147150101e-31,1.4603978464920075e-52
3591,1.606868016274409e-21,1.3166502222777291e-31,1.4887958542443642e-52
3592,1.5855853094016702e-21,1.331114312224738e-31,1.5171255699655506e-52
3593,1.5645844885377542e-21,1.3367288839494154e-31,1.5451979738009946e-52
3594,1.543861820148097e-21,1.4064679465368178e-31,1.5743437426577592e-52
3595,1.5234136201481947e-21,1.4582305007648328e-31,1.6041619315833561e-52
3596,1.5032362532486146e-21,1.5176522166449744e-31,1.6347841571845627e-52
3597,1.4833261323087762e-21,1.5260785959074153e-31,1.6651685665927782e-52
3598,1.4636797176991853e-21,1.5527635609052431e-31,1.6956748033009873e-52
3599,1.4442935166721773e-21,1.563553501889521e-31,1.7259861658050997e-52
3600,1.4251640827409352e-21,1.8124984872284324e-31,1.7606582358670125e-52
3601,1.4062880150668322e-21,1.9513420245388897e-31,1.7974918999775296e-52
3602,1.3876619578547991e-21,2.0937134485591665e-31,1.8364895264559958e-52
3603,1.3692825997566993e-21,2.1768147426845794e-31,1.8764979841250186e-52
3604,1.3511466732826967e-21,2.2574163640570676e-31,1.9174383213247678e-52
3605,1.3332509542203188e-21,2.2634928991929054e-31,1.9579451543484114e-52
3606,1.3155922610612753e-21,2.269089895278393e-31,1.998014316559419e-52
3607,1.2981674544358105e-21,2.4257278408135383e-31,2.040282155111601e-52
3608,1.280973436554641e-21,2.6046209322584082e-31,2.0850660539945205e-52
3609,1.2640071506582006e-21,2.697166927490664e-31,2.1308269591967506e-52
3610,1.2472655804731826e-21,2.775226206043685e-31,2.1772886035045324e-52
3611,1.2307457496763587e-21,2.9272896386122478e-31,2.225646933027703e-52
3612,1.2144447213654198e-21,2.956731368929745e-31,2.273844694780468e-52
3613,1.198359597536827e-21,2.965520268894242e-31,2.3215454555218335e-52
3614,1.1824875185706552e-21,3.1088949694311674e-31,2.3708900819741792e-52
3615,1.1668256627221738e-21,3.720013672286396e-31,2.429152399863909e-52
3616,1.1513712456202128e-21,3.773365856342298e-31,2.487467569686121e-52
3617,1.136121519772123e-21,3.7894159857328407e-31,2.5452551245929155e-52
3618,1.1210737740753761e-21,3.98633245237422e-31,2.6052404415989325e-52
3619,1.1062253333355569e-21,4.167710712943599e-31,2.667124447140785e-52
3620,1.0915735577907442e-21,4.220082262744442e-31,2.7289561452351615e-52
3621,1.0771158426422597e-21,4.67364889757373e-31,2.796526429700311e-52
3622,1.0628496175915549e-21,5.033082957450749e-31,2.8683295238701707e-52
3623,1.048772346383276e-21,5.092790590019651e-31,2.940022118212848e-52
3624,1.0348815263543397e-21,5.403185435845128e-31,3.015076794685143e-52
3625,1.021174687989052e-21,5.568592219634071e-31,3.091404588161865e-52
3626,1.0076493944800548e-21,5.646324549444808e-31,3.167772784940163e-52
3627,9.943032412950871e-22,5.762541591183241e-31,3.2446805477508418e-52
3628,9.811338557495509e-22,5.987271353738773e-31,3.3235292325739724e-52
3629,9.681388965846707e-22,6.1489235833834776e-31,3.4034342434480094e-52
3630,9.553160535512446e-22,6.20755569754306e-31,3.483032755778854e-52
3631,9.42663046998968e-22,6.543877021220344e-31,3.565832474605647e-52
3632,9.301776274711289e-22,6.548349342551685e-31,3.647591363362255e-52
3633,9.17857575304712e-22,6.656990697152912e-31,3.7296058360225306e-52
3634,9.057007002357593e-22,6.9311455484148e-31,3.813866906539336e-52
3635,8.937048410100254e-22,7.096567563976561e-31,3.898996332022708e-52
3636,8.818678649987261e-22,7.7686344864922354e-31,3.990953472079869e-52
3637,8.701876678193824e-22,7.837979688832129e-31,4.0825026203331195e-52
3638,8.586621729617393e-22,7.922008331276822e-31,4.173807686617456e-52
3639,8.472893314185774e-22,7.9381272452598e-31,4.264086749927252e-52
3640,8.360671213214533e-22,7.986724914866165e-31,4.353715454909816e-52
3641,8.249935475812252e-22,8.157724506274167e-31,4.444050618782509e-52
3642,8.140666415334027e-22,8.207177515443773e-31,4.533729676411565e-52
3643,8.032844605881371e-22,8.81285395930878e-31,4.628751462445032e-52
3644,7.926450878848516e-22,8.935932855283967e-31,4.723824182543933e-52
3645,7.821466319514939e-22,9.032346178232768e-31,4.818649870870941e-52
3646,7.717872263682479e-22,9.852382502193386e-31,4.920714697172438e-52
3647,7.6156502943573115e-22,9.903225735029726e-31,5.02194742090308e-52
3648,7.514782238475551e-22,1.0227638663058745e-30,5.125111623723467e-52
3649,7.415250163672767e-22,1.053470667331256e-30,5.2299657449868196e-52
3650,7.317036375095793e-22,1.1428465812005152e-30,5.342209037488765e-52
3651,7.220123412256771e-22,1.1481210746856584e-30,5.453476852534474e-52
3652,7.124494045929337e-22,1.1491712560326133e-30,5.563371371550574e-52
3653,7.03013127508544e-22,1.173843603173606e-30,5.674138506483419e-52
3654,6.937018323872747e-22,1.1799926806843994e-30,5.784011107391321e-52
3655,6.845138638632519e-22,1.2467152583193908e-30,5.898558912909895e-52
3656,6.754475884956505e-22,1.2944334734627225e-30,6.015915816064433e-52
3657,6.665013944783091e-22,1.3158228288465984e-30,6.13363187925752e-52
3658,6.576736913531641e-22,1.389731806149733e-30,6.256313277340135e-52
3659,6.489629097275258e-22,1.4085444542269101e-30,6.3790085088478794e-52
3660,6.403675009950564e-22,1.469490253635344e-30,6.505317202431638e-52
3661,6.318859370604452e-22,1.5503925792721918e-30,6.636814740280076e-52
3662,6.235167100677698e-22,1.5607657038063504e-30,6.767438764855458e-52
3663,6.152583321324113e-22,1.5698184475522397e-30,6.8970803051533e-52
3664,6.071093350765459e-22,1.6215569331084158e-30,7.029220931891487e-52
3665,5.990682701681148e-22,1.6842273996538882e-30,7.164650750303237e-52
3666,5.911337078632937e-22,1.7217784038178375e-30,7.301266330505117e-52
3667,5.833042375523348e-22,1.874554967661195e-30,7.448034055160754e-52
3668,5.755784673087759e-22,1.9001804552283734e-30,7.594837631344712e-52
3669,5.679550236420077e-22,1.9240099616410272e-30,7.741513446913424e-52
3670,5.6043255125308175e-22,1.963905371873279e-30,7.889247686257225e-52
3671,5.530097127937531e-22,2.0098993373452015e-30,8.038439267263477e-52
3672,5.456851886287495e-22,2.134780381614216e-30,8.194801772184566e-52
3673,5.3845767660115075e-22,2.146230012580342e-30,8.349920804483745e-52
3674,5.313258918008978e-22,2.2227091263165847e-30,8.508439636108226e-52
3675,5.242885663363464e-22,2.2398265809885193e-30,8.666063522453922e-52
3676,5.17344449108883e-22,2.2513875721599953e-30,8.822402514709253e-52
3677,5.10492305590493e-22,2.255508169979819e-30,8.976953171585282e-52
3678,5.037309176042743e-22,2.279591920533242e-30,9.13108522583503e-52
3679,4.970590831078918e-22,2.5404024257106984e-30,9.300576671220533e-52
3680,4.904756159798631e-22,2.5937869884868487e-30,9.471337784978652e-52
3681,4.839793458086962e-22,2.6906073809426673e-30,9.646126909690045e-52
3682,4.775691176847998e-22,2.7485973694643687e-30,9.82231827128013e-52
3683,4.712437919951834e-22,2.7565336385896943e-30,9.996678001664761e-52
3684,4.650022442208459e-22,2.8020493997715195e-30,1.0171569253612037e-51
3685,4.58843364736849e-22,2.8509234681430113e-30,1.0347154194195949e-51
3686,4.527660586150666e-22,3.002693870372982e-30,1.0529637092598512e-51
3687,4.4676924542951855e-22,3.1052850413018386e-30,1.0715855235404153e-51
3688,4.408518590642825e-22,3.1352155244593663e-30,1.0901378051369276e-51
3689,4.350128475239781e-22,3.247806773204261e-30,1.1091017863663459e-51
3690,4.292511727467311e-22,3.3067825707669094e-30,1.1281543920981735e-51
3691,4.235658104196313e-22,3.400783728084706e-30,1.1474890797884405e-51
3692,4.179557497966184e-22,3.443098735344287e-30,1.166805072424741e-51
3693,4.1241999351880916e-22,3.443698280310982e-30,1.1858685467988534e-51
3694,4.069575574371772e-22,3.51956932147806e-30,1.2050939692523001e-51
3695,4.015674704375821e-22,3.540053703918567e-30,1.2241751666996601e-51
3696,3.9624877426814177e-22,3.5982001143435915e-30,1.2433128998646991e-51
3697,3.9100052336886235e-22,3.631284808228798e-30,1.2623707936250256e-51
3698,3.8582178470354195e-22,3.864886569122182e-30,1.2823860311376162e-51
3699,3.8071163759388374e-22,4.046337209378906e-30,1.3030634095328262e-51
3700,3.756691735558344e-22,4.5771447153216496e-30,1.3261434971567832e-51
3701,3.7069349613806474e-22,4.733451763858064e-30,1.3496956262063137e-51
3702,3.657837207625904e-22,4.7624882855356815e-30,1.3730783739166218e-51
3703,3.6093897456752723e-22,4.992098028219289e-30,1.3972638218442195e-51
3704,3.561583962519054e-22,5.199312551255268e-30,1.4221195426828907e-51
3705,3.5144113592253954e-22,5.519834444395583e-30,1.4481580387321054e-51
3706,3.4678635494294943e-22,5.5715773553429855e-30,1.474092511032071e-51
3707,3.42193225784257e-22,5.872132115135429e-30,1.5010639722737938e-51
3708,3.3766093187807245e-22,5.994387854023412e-30,1.528232299815891e-51
3709,3.3318866747131517e-22,6.105488784600995e-30,1.5555376599931177e-51
3710,3.2877563748298084e-22,6.2351698092189175e-30,1.5830536513435577e-51
3711,3.244210573627843e-22,6.480529627759244e-30,1.6112736368289427e-51
3712,3.201241529516751e-22,6.606163335047973e-30,1.6396596892038183e-51
3713,3.1588416034422095e-22,6.860647165117591e-30,1.668748782466268e-51
3714,3.1170032575279126e-22,7.184187432436246e-30,1.6988062343574094e-51
3715,3.075719053735527e-22,7.416414558180189e-30,1.729424311360282e-51
3716,3.034981652542269e-22,7.603795045895191e-30,1.7604001962978764e-51
3717,2.99478381163621e-22,7.74739369316851e-30,1.7915430462093352e-51
3718,2.9551183846286736e-22,7.976479474244416e-30,1.8231820926456107e-51
3719,2.91597831978368e-22,8.32443750398051e-30,1.855763995016e-51
3720,2.8773566587644137e-22,8.69235589075045e-30,1.8893353172831387e-51
3721,2.839246535396085e-22,8.88859771853464e-30,1.9232098728456186e-51
3722,2.801641174445298e-22,8.935209628499759e-30,1.9568110511706867e-51
3723,2.764533890415466e-22,9.000842538383605e-30,1.990210733228646e-51
3724,2.7279180863583838e-22,9.458765427244289e-30,2.024844763379234e-51
3725,2.6917872527013563e-22,9.735054324009498e-30,2.0600183262215255e-51
3726,2.656134966089868e-22,1.0378676642860103e-29,2.0970206816534463e-51
3727,2.6209548882457527e-22,1.0381546203589768e-29,2.133543042011903e-51
3728,2.586240764840311e-22,1.043369789100691e-29,2.1697627096282542e-51
3729,2.5519864243823614e-22,1.1030678188762543e-29,2.207547570244249e-51
3730,2.5181857771211785e-22,1.1044632022930297e-29,2.244879141357912e-51
3731,2.4848328139637824e-22,1.1370860099974837e-29,2.2828043291561486e-51
3732,2.4519216054066737e-22,1.1797359485627229e-29,2.321630865001615e-51
3733,2.4194463004816163e-22,1.2002390306885254e-29,2.3606089935061802e-51
3734,2.3874011257155538e-22,1.2748441270126873e-29,2.40146159635579e-51
3735,2.355780384104144e-22,1.3014720173904423e-29,2.4426151067321735e-51
3736,2.3245784540988975e-22,1.4271058546004168e-29,2.487143563717493e-51
3737,2.293789788607874e-22,1.4420638021231821e-29,2.5315427837377774e-51
3738,2.263408914009451e-22,1.6348255561035467e-29,2.581210213948056e-51
3739,2.233430429179256e-22,1.726354723747603e-29,2.6329637128454592e-51
3740,2.203849004529887e-22,1.802080025948057e-29,2.686271807345174e-51
3741,2.1746593810635114e-22,1.8269116399337057e-29,2.739598670221178e-51
3742,2.145856369436872e-22,1.8335990150458049e-29,2.792411843970137e-51
3743,2.1174348490386777e-22,1.9315815131715204e-29,2.8473103273475164e-51
3744,2.0893897670793511e-22,1.9425677637711736e-29,2.901789799494025e-51
3745,2.0617161376926944e-22,2.0675461901076608e-29,2.959006306498858e-51
3746,2.034409041049457e-22,2.2366849111593562e-29,3.0200836775283574e-51
3747,2.0074636224827747e-22,2.2960822192946714e-29,3.0819525739907696e-51
3748,1.9808750916250454e-22,2.3947938577301698e-29,3.145626624374929e-51
3749,1.9546387215563252e-22,2.4190047448593287e-29,3.2090925280590486e-51
3750,1.9287498479639178e-22,2.4415448000452147e-29,3.272301372757619e-51
3751,1.903203868313236e-22,2.489153374072886e-29,3.335889234199111e-51
3752,1.8779962410295172e-22,2.5597328158435486e-29,3.4004140249667987e-51
3753,1.8531224846903828e-22,2.77275723795148e-29,3.4693829128911754e-51
3754,1.8285781772292074e-22,2.777166666018112e-29,3.537546545412851e-51
3755,1.8043589551489098e-22,3.0220910991000523e-29,3.610739240888846e-51
3756,1.780460512746234e-22,3.246461652206638e-29,3.688324617696602e-51
3757,1.7568786013462292e-22,3.30710829965395e-29,3.766312552609262e-51
3758,1.7336090285469945e-22,3.4699875709462416e-29,3.847057681003835e-51
3759,1.7106476574743136e-22,3.4837933525836647e-29,3.9270503529130477e-51
3760,1.687990406046163e-22,3.6545725677101687e-29,4.0098529224420794e-51
3761,1.6656332462470722e-22,3.761046206045651e-29,4.093939233482406e-51
3762,1.6435722034119824e-22,3.857519141626371e-29,4.179040128503004e-51
3763,1.6218033555195968e-22,4.042120100605032e-29,4.2670324261358296e-51
3764,1.6003228324951892e-22,4.137172640570166e-29,4.3559010582975464e-51
3765,1.579126815522537e-22,4.215096667435148e-29,4.4452443188018715e-51
3766,1.5582115363650305e-22,4.4044316192529256e-29,4.5373642356486947e-51
3767,1.5375732766957116e-22,4.42904045259145e-29,4.628771922595195e-51
3768,1.5172083674362938e-22,4.5812029187397245e-29,4.722067704334309e-51
3769,1.4971131881048388e-22,4.645443796243089e-29,4.815418730494009e-51
3770,1.4772841661720738e-22,4.7376172881278075e-29,4.909361047609342e-51
3771,1.4577177764263297e-22,4.776687660647374e-29,5.002823580071255e-51
3772,1.4384105403467855e-22,4.8757409245194366e-29,5.0969606611636463e-51
3773,1.4193590254850754e-22,4.900150037195807e-29,5.1903159424218914e-51
3774,1.4005598448550263e-22,5.313379878907124e-29,5.290203130521535e-51
3775,1.3820096563305795e-22,5.945262112289245e-29,5.400488863531752e-51
3776,1.3637051620515948e-22,5.980956560185227e-29,5.509967248670518e-51
3777,1.3456431078375266e-22,6.096414995353919e-29,5.620081026828059e-51
3778,1.3278202826089536e-22,6.892109439786943e-29,5.74291788882958e-51
3779,1.3102335178166809e-22,7.185395512801177e-29,5.869285749652666e-51
3780,1.2928796868784076e-22,7.42179636383794e-29,5.998082349009001e-51
3781,1.2757557046229368e-22,7.666023980219239e-29,6.129355207616289e-51
3782,1.2588585267416566e-22,9.053223222894746e-29,6.282329130812479e-51
3783,1.2421851492473375e-22,9.216955635188357e-29,6.436006911466366e-51
3784,1.2257326079400495e-22,9.581678682248765e-29,6.593649875779225e-51
3785,1.209497977880237e-22,9.750604454429716e-29,6.751947331956451e-51
3786,1.1934783728686954e-22,1.1184566076793635e-28,6.931119662732172e-51
3787,1.1776709449334357e-22,1.12280231371817e-28,7.1086058293286e-51
3788,1.162072883823423e-22,1.1249836809710016e-28,7.284081471364127e-51
3789,1.1466814165089338e-22,1.158524777949821e-28,7.462395433892533e-51
3790,1.131493806688583e-22,1.238366648065667e-28,7.650473728546102e-51
3791,1.1165073543028302e-22,1.253264740802333e-28,7.838293652193872e-51
3792,1.101719395054011e-22,1.2552948800866256e-28,8.023926147513595e-51
3793,1.0871272999326519e-22,1.2569357992331755e-28,8.207339414952117e-51
3794,1.0727284747500616e-22,1.349538409821052e-28,8.401657091354159e-51
3795,1.0585203596771809e-22,1.4137787956798806e-28,8.602528409520342e-51
3796,1.0445004287894656e-22,1.441564661644896e-28,8.804634778784684e-51
3797,1.0306661896178395e-22,1.4472956084103406e-28,9.00485711477261e-51
3798,1.017015182705555e-22,1.448033442552819e-28,9.202528260107687e-51
3799,1.0035449811709925e-22,1.4718813507246313e-28,9.400793644399935e-51
3800,9.902531902761869e-23,1.663938763563698e-28,9.621960905470436e-51
3801,9.771374470010686e-23,1.6743864051567369e-28,9.841569127804276e-51
3802,9.641954196234076e-23,1.6822032133041106e-28,1.0059280328217988e-50
3803,9.514248073042573e-23,1.7259374682308503e-28,1.0279693111156708e-50
3804,9.388233396788904e-23,1.7316685746687305e-28,1.0497908765972238e-50
3805,9.263887764532134e-23,1.7575648868994185e-28,1.0716454283066045e-50
3806,9.141189070054588e-23,1.77879749866314e-28,1.0934710413891936e-50
3807,9.020115499931929e-23,1.8852661870557454e-28,1.1162966321790309e-50
3808,8.900645529654905e-23,1.9088609107024648e-28,1.1391017878054905e-50
3809,8.782757919803101e-23,1.9968605516966205e-28,1.1626422995701773e-50
3810,8.666431712268782e-23,2.02907237268525e-28,1.1862457289628911e-50
3811,8.551646226530777e-23,2.0586585643785274e-28,1.2098761412909806e-50
3812,8.438381055978254e-23,2.2781409061776553e-28,1.2356795431190697e-50
3813,8.326616064282579e-23,2.299443277051258e-28,1.2613792689955005e-50
3814,8.216331381817593e-23,2.3036514252890034e-28,1.2867850155903016e-50
3815,8.107507402126942e-23,2.361397119846695e-28,1.3124826788114775e-50
3816,8.000124778438792e-23,2.398722455066814e-28,1.3382407898839531e-50
3817,7.894164420226165e-23,2.4760679172650476e-28,1.3644772942311729e-50
3818,7.789607489812861e-23,2.6045760854106967e-28,1.391709942283017e-50
3819,7.686435399024817e-23,2.6872283038039424e-28,1.4194346385358433e-50
3820,7.584629805885328e-23,2.697839209790789e-28,1.4469001506306154e-50
3821,7.484172611354041e-23,2.7297362085470763e-28,1.4743223147627267e-50
3822,7.385045956109624e-23,2.7859918760938555e-28,1.5019389203842569e-50
3823,7.287232217374513e-23,2.833344286484494e-28,1.5296529201627384e-50
3824,7.190714005782034e-23,2.8373317174114285e-28,1.5570383384686554e-50
3825,7.095474162284704e-23,2.8529213297302436e-28,1.5842095165640257e-50
3826,7.001495755104005e-23,2.862181128334686e-28,1.6111078389143806e-50
3827,6.908762076720082e-23,2.9305752106811426e-28,1.638284140821101e-50
3828,6.817256640901326e-23,2.937969272495532e-28,1.6651681566912825e-50
3829,6.726963179773754e-23,3.0001872089286162e-28,1.692257885403766e-50
3830,6.637865640928685e-23,3.0528757813489567e-28,1.719458257255557e-50
3831,6.549948184569042e-23,3.2685875011324463e-28,1.7481948471544055e-50
3832,6.46319518069316e-23,3.554223957164482e-28,1.7790288076275696e-50
3833,6.377591206316354e-23,3.605666525077857e-28,1.8098947461099772e-50
3834,6.293121042728873e-23,3.661732361124932e-28,1.8408254592657566e-50
3835,6.209769672790185e-23,3.677049292890832e-28,1.8714741688552103e-50
3836,6.127522278259482e-23,3.7249762513930684e-28,1.9021111279917924e-50
3837,6.046364237161162e-23,3.744491763016184e-28,1.9325006896313112e-50
3838,5.966281121185192e-23,3.7768706277977983e-28,1.962747046482528e-50
3839,5.887258693122299e-23,3.9353673599868747e-28,1.99384527489309e-50
3840,5.809282904332702e-23,4.262222058946558e-28,2.0270802875973677e-50
3841,5.73233989224862e-23,4.306467015694357e-28,2.060215541960195e-50
3842,5.656415977909618e-23,4.538274683310885e-28,2.0946718997904504e-50
3843,5.581497663531001e-23,4.619813988896716e-28,2.12928276746954e-50
3844,5.507571630104046e-23,4.626006273022695e-28,2.163480996906818e-50
3845,5.434624735028026e-23,4.735970950568022e-28,2.198028434508234e-50
3846,5.362644009773957e-23,4.896104743643658e-28,2.23327095154497e-50
3847,5.291616657578879e-23,5.128570834222107e-28,2.2696978322349397e-50
3848,5.221530051170925e-23,5.243994151189006e-28,2.3064512076429395e-50
3849,5.15237173052429e-23,5.783174660251775e-28,2.3464466723938577e-50
3850,5.0841294006443063e-23,6.104494633452683e-28,2.3881051660465247e-50
3851,5.0167909293815186e-23,6.16689514703632e-28,2.429632095210458e-50
3852,4.950344345274722e-23,6.3009503863262655e-28,2.471499758190236e-50
3853,4.8847778354228847e-23,6.432120889183513e-28,2.5136729299551217e-50
3854,4.8200797433849357e-23,6.479037840631964e-28,2.5555910686081777e-50
3855,4.7562385671073786e-23,6.629632088184428e-28,2.5979154196878907e-50
3856,4.6932429568796564e-23,6.713026024113002e-28,2.6402045367742487e-50
3857,4.631081713316257e-23,6.792110414613976e-28,2.6824251397534804e-50
3858,4.569743785365752e-23,6.924977015899026e-28,2.7249015138794926e-50
3859,4.509218268346e-23,7.024876944265329e-28,2.7674199447846715e-50
3860,4.449494402005711e-23,7.09067526197225e-28,2.809768198945514e-50
3861,4.390561568611379e-23,7.291635222406508e-28,2.8527398713189466e-50
3862,4.3324092910595674e-23,7.617473185270274e-28,2.8970372128102787e-50
3863,4.275027231014472e-23,7.670766315578003e-28,2.9410536501415176e-50
3864,4.218405187069845e-23,8.172194544497433e-28,2.9873262860037756e-50
3865,4.1625330929354393e-23,8.271200274274988e-28,3.033539214036657e-50
3866,4.1074010156473075e-23,8.789684023045938e-28,3.0819985679263397e-50
3867,4.052999153802091e-23,9.36287936811375e-28,3.132934374912095e-50
3868,3.9993178358144294e-23,9.699072240991432e-28,3.1850002730274914e-50
3869,3.946347518197463e-23,1.0292843991419952e-27,3.239521794568231e-50
3870,3.8940787838663543e-23,1.0489284246019228e-27,3.2943479557260975e-50
3871,3.8425023404640045e-23,1.1106130862222727e-27,3.3516294287095498e-50
3872,3.791609018709106e-23,1.2408585842975007e-27,3.4147808438925303e-50
3873,3.741389770765919e-23,1.286799714798657e-27,3.4794029578232264e-50
3874,3.691835668635903e-23,1.2993066468611009e-27,3.5437889320999896e-50
3875,3.642937902570416e-23,1.3164849250068734e-27,3.6081621039917164e-50
3876,3.5946877795044294e-23,1.4723659334278171e-27,3.6792039414777746e-50
3877,3.5470767215112346e-23,1.5547485369157378e-27,3.7532271642337047e-50
3878,3.5000962642773735e-23,1.8557403739194688e-27,3.8404106955077777e-50
3879,3.453738055597774e-23,1.9071341317045414e-27,3.928822017565324e-50
3880,3.4079938538910435e-23,1.9740348028053675e-27,4.019122663760958e-50
3881,3.362855526734178e-23,2.0181847282089416e-27,4.1102201462858427e-50
3882,3.318315049416823e-23,2.1676901504450347e-27,4.206770100262794e-50
3883,3.274364503514543e-23,2.2332533160529e-27,4.304922802641396e-50
3884,3.2309960754812244e-23,2.2612137588825586e-27,4.402988088811443e-50
3885,3.188202055259906e-23,2.3298367683190078e-27,4.502691170587259e-50
3886,3.145974834912016e-23,2.3349947750849547e-27,4.601291509465943e-50
3887,3.104306907264965e-23,2.4731774816861455e-27,4.704343689831157e-50
3888,3.06319086457743e-23,2.511243959599904e-27,4.807596103672882e-50
3889,3.0226193972224407e-23,2.5121988183703396e-27,4.9095196960216365e-50
3890,2.9825852923877915e-23,2.5706554934088053e-27,5.0124335875385315e-50
3891,2.943081432793871e-23,2.64739336227614e-27,5.117015843211764e-50
3892,2.9041007954282846e-23,2.7114765502202553e-27,5.222710927341192e-50
3893,2.865636450297237e-23,2.7461607063660876e-27,5.328340200536179e-50
3894,2.827681559193642e-23,2.9435703245829094e-27,5.440063091661498e-50
3895,2.7902293744813595e-23,3.1060005044173945e-27,5.556389596269379e-50
3896,2.753273237895539e-23,3.1142504957101638e-27,5.671480262951305e-50
3897,2.7168065793590283e-23,3.499404188529163e-27,5.799091840575632e-50
3898,2.6808229158142666e-23,3.5673735728851906e-27,5.927459010960807e-50
3899,2.645315850070758e-23,3.642677426261076e-27,6.056799797817454e-50
3900,2.6102790696677047e-23,4.006496380031497e-27,6.197174531670245e-50
3901,2.575706345751887e-23,4.268224721843542e-27,6.34473868658921e-50
3902,2.5415915319702367e-23,4.2803832939746186e-27,6.490763165577241e-50
3903,2.5079285633770844e-23,4.396083209973222e-27,6.638748376607454e-50
3904,2.4747114553560376e-23,4.433688663472062e-27,6.786022691873696e-50
3905,2.4419343025559625e-23,4.512835064935249e-27,6.933940576358615e-50
3906,2.4095912778411624e-23,4.525904639931645e-27,7.080322021984753e-50
3907,2.3776766312553588e-23,4.670603085984772e-27,7.229382668816521e-50
3908,2.3461846889995648e-23,5.0582331687012864e-27,7.388676255681603e-50
3909,2.3151098524233424e-23,5.730392032946572e-27,7.566747251623105e-50
3910,2.2844465970294234e-23,5.7392428813098794e-27,7.742731121860441e-50
3911,2.2541894714916615e-23,5.7934851655013565e-27,7.918025329814178e-50
3912,2.2243330966858427e-23,5.859145705249161e-27,8.092958180032001e-50
3913,2.1948721647333347e-23,6.3005382145069115e-27,8.278577907633765e-50
3914,2.1658014380575473e-23,7.253872916876049e-27,8.489453264541165e-50
3915,2.1371157484527277e-23,7.548499912970444e-27,8.705987190026643e-50
3916,2.1088099961651882e-23,7.560194991856824e-27,8.919984196711638e-50
3917,2.0808791489866077e-23,7.640153321298036e-27,9.133380151549738e-50
3918,2.0533182413594954e-23,8.069007931222296e-27,9.355769333784591e-50
3919,2.0261223734943658e-23,8.493627118414943e-27,9.586760894592686e-50
3920,1.999286710498608e-23,8.561362664110599e-27,9.81651073783122e-50
3921,1.972806481517026e-23,8.582856899271788e-27,1.0043786753840089e-49
3922,1.9466769788836134e-23,8.76610443986093e-27,1.0272840702886205e-49
3923,1.9208935572846524e-23,8.849034501267871e-27,1.0500999090176147e-49
3924,1.8954516329328132e-23,8.91869254218752e-27,1.0727907791151794e-49
3925,1.8703466827523275e-23,9.030190515154243e-27,1.0954610274155035e-49
3926,1.845574243574834e-23,9.170824206692716e-27,1.1181793959022816e-49
3927,1.8211299113458742e-23,9.325302647738714e-27,1.1409744755079738e-49
3928,1.7970093403420184e-23,9.674640046344329e-27,1.1643102597254333e-49
3929,1.7732082423982394e-23,9.710929793961342e-27,1.1874233388405567e-49
3930,1.749722386145524e-23,1.0206366198331428e-26,1.2113938637802152e-49
3931,1.7265475962586957e-23,1.0430040908088693e-26,1.2355652644358133e-49
3932,1.7036797527140704e-23,1.0723255386434161e-26,1.260087037082417e-49
3933,1.6811147900570244e-23,1.1287403614252587e-26,1.2855570211874786e-49
3934,1.6588486966791853e-23,1.1375404821386094e-26,1.310885603783849e-49
3935,1.636877514105322e-23,1.1526667092207452e-26,1.3362110544989522e-49
3936,1.6151973362895653e-23,1.1682931823979357e-26,1.3615398584342757e-49
3937,1.593804308920958e-23,1.2565703114398209e-26,1.388421701497487e-49
3938,1.5726946287383027e-23,1.2601143093342637e-26,1.415022311561121e-49
3939,1.551864542853968e-23,1.3135709170453997e-26,1.4423841065783408e-49
3940,1.5313103480867248e-23,1.3696046169008242e-26,1.4705352266282359e-49
3941,1.5110283903033463e-23,1.4520964125429965e-26,1.4999865847648283e-49
3942,1.4910150637690417e-23,1.4727724291871763e-26,1.5294616603008723e-49
3943,1.4712668105063943e-23,1.482718807064855e-26,1.5587427668200795e-49
3944,1.451780119662791e-23,1.5167544173740183e-26,1.5882992912371166e-49
3945,1.4325515268863242e-23,1.5186089536455544e-26,1.6175000043934633e-49
3946,1.413577613709857e-23,1.596469321059896e-26,1.647791274680147e-49
3947,1.3948550069433068e-23,1.6124763672095632e-26,1.6779810356237672e-49
3948,1.376380378073917e-23,1.6444198020112622e-26,1.708361081171401e-49
3949,1.3581504426745743e-23,1.650309191150111e-26,1.738446111115009e-49
3950,1.3401619598198706e-23,1.6572785402424413e-26,1.7682580377216283e-49
3951,1.3224117315099023e-23,1.8844601353410043e-26,1.8017076353649647e-49
3952,1.3048966021017849e-23,2.043586919701517e-26,1.837501324720273e-49
3953,1.2876134577486131e-23,2.057857556052596e-26,1.8730675739197953e-49
3954,1.2705592258458528e-23,2.113409255145735e-26,1.9091101454624905e-49
3955,1.2537308744851472e-23,2.1139950975124224e-26,1.9446851977382387e-49
3956,1.2371254119152658e-23,2.175863787141099e-26,1.9808164224127707e-49
3957,1.2207398860102478e-23,2.5103477343779078e-26,2.021949790245023e-49
3958,1.2045713837445373e-23,2.555171232580905e-26,2.0632630821082857e-49
3959,1.188617030675156e-23,2.657944068122936e-26,2.105668860209787e-49
3960,1.172873990430658e-23,2.7730849475904424e-26,2.1493256481411148e-49
3961,1.1573394642068529e-23,2.9542200880802554e-26,2.1952180575702894e-49
3962,1.142010690269284e-23,3.029646726209133e-26,2.241658827347045e-49
3963,1.1268849434622122e-23,3.04782241721701e-26,2.287759417542787e-49
3964,1.1119595347241533e-23,3.239823686752011e-26,2.3361151103068056e-49
3965,1.0972318106097838e-23,3.3008788172197307e-26,2.3847295428617843e-49
3966,1.0826991528182573e-23,3.3366738469455043e-26,2.4332202820413797e-49
3967,1.0683589777276984e-23,3.37905159917601e-26,2.4816764736135967e-49
3968,1.0542087359358631e-23,3.464964808099008e-26,2.530706563448398e-49
3969,1.0402459118069497e-23,3.493373552182968e-26,2.5794839239741265e-49
3970,1.0264680230243457e-23,3.515013583184568e-26,2.627913390192586e-49
3971,1.0128726201492984e-23,3.788541085025746e-26,2.67942013255218e-49
3972,9.994572861854972e-24,3.8260541308251776e-26,2.730747926480781e-49
3973,9.862196361493488e-24,3.849733554201179e-26,2.7817093520037138e-49
3974,9.731573166459894e-24,3.8723752730630394e-26,2.832291555057372e-49
3975,9.602680054508676e-24,3.8930405920549236e-26,2.8824701667436092e-49
3976,9.475494110969419e-24,3.907258168023672e-26,2.9321649984187648e-49
3977,9.349992724672808e-24,3.916434775021551e-26,2.981316797779311e-49
3978,9.226153583930599e-24,4.033786540026031e-26,3.031270863684742e-49
3979,9.103954672569458e-24,4.23527227299085e-26,3.0830254297924928e-49
3980,8.983374266016633e-24,4.315637700254935e-26,3.1350635646356367e-49
3981,8.864390927437885e-24,4.346318113619794e-26,3.186777508604013e-49
3982,8.746983503926189e-24,4.355436274355781e-26,3.2379135637281625e-49
3983,8.63113112274154e-24,4.393881623563916e-26,3.2888177286014973e-49
3984,8.516813187599995e-24,4.415703731576178e-26,3.339297141880558e-49
3985,8.404009375011873e-24,4.484616998340242e-26,3.3898853314215857e-49
3986,8.292699630669013e-24,4.752702186788592e-26,3.442787537956505e-49
3987,8.182864165879316e-24,4.849931306989912e-26,3.496056983886639e-49
3988,8.074483454048532e-24,4.871074786128752e-26,3.5488500391568016e-49
3989,7.967538227209166e-24,5.307303511290226e-26,3.605609116948831e-49
3990,7.862009472594782e-24,5.338876685789843e-26,3.6619496177179485e-49
3991,7.757878429260009e-24,5.634646451556554e-26,3.720623779100265e-49
3992,7.655126584744997e-24,5.77608844123437e-26,3.779974153242132e-49
3993,7.553735671784599e-24,5.831332423190009e-26,3.839098565058412e-49
3994,7.453687665060636e-24,5.903033910195624e-26,3.898157242692315e-49
3995,7.354964777997191e-24,6.16782304315941e-26,3.959047772464029e-49
3996,7.25754945959883e-24,6.385683401322552e-26,4.021254110637126e-49
3997,7.161424391330153e-24,6.726168905288314e-26,4.085909455157875e-49
3998,7.066572484037019e-24,7.236692780431249e-26,4.1545508664297105e-49
3999,6.97297687490821e-24,7.30597668535461e-26,4.222931600244374e-49
4000,6.880620924477872e-24,7.510332189461883e-26,4.292293986984906e-49
4001,6.789488213667173e-24,7.551424929640337e-26,4.3611121694170675e-49
4002,6.699562540865184e-24,7.729772908323555e-26,4.430622672355825e-49
4003,6.6108279190488394e-24,7.998846488032905e-26,4.501600134164085e-49
4004,6.5232685729405974e-24,8.003916516809475e-26,4.571681903815765e-49
4005,6.43686893620378e-24,8.097929636658976e-26,4.641647721708529e-49
4006,6.35161364867546e-24,8.164655977486001e-26,4.711255731001568e-49
4007,6.267487553635533e-24,8.482331366960808e-26,4.782614272475278e-49
4008,6.184475695112247e-24,8.598450664743253e-26,4.85399160948539e-49
4009,6.102563315223142e-24,8.923345977201669e-26,4.9270848600420356e-49
4010,6.021735851551655e-24,9.425517933464786e-26,5.003268930877243e-49
4011,5.9419789345580746e-24,9.674389302514215e-26,5.080428877333663e-49
4012,5.863278385024789e-24,9.881703237016126e-26,5.158198424841465e-49
4013,5.785620211535757e-24,1.0032238944202293e-25,5.236106960082694e-49
4014,5.708990607988936e-24,1.0460366287930892e-25,5.316264332242561e-49
4015,5.633375951141911e-24,1.0620906105428683e-25,5.3965739492992075e-49
4016,5.55876279818979e-24,1.0623706300756705e-25,5.475840771612885e-49
4017,5.485137884375575e-24,1.131050034208766e-25,5.55911423290107e-49
4018,5.412488120631827e-24,1.1406261837542784e-25,5.6419804556707515e-49
4019,5.340800591253572e-24,1.176545865375831e-25,5.726324121959746e-49
4020,5.270062551602374e-24,1.1904700334922197e-25,5.810535638392481e-49
4021,5.200261425840433e-24,1.19745286876583e-25,5.8941191966792025e-49
4022,5.13138480469492e-24,1.2027702889652058e-25,5.976961950197338e-49
4023,5.063420443251711e-24,1.2330927968714857e-25,6.060768314736929e-49
4024,4.996356258778694e-24,1.2647457606399414e-25,6.1455874577399515e-49
4025,4.93018032857759e-24,1.3465297479505945e-25,6.23469531635404e-49
4026,4.864880887864223e-24,1.4638446883654503e-25,6.330283555795537e-49
4027,4.800446327677185e-24,1.475163801591694e-25,6.425335086554937e-49
4028,4.736865192813883e-24,1.5005270943770634e-25,6.520740302108564e-49
4029,4.674126179793927e-24,1.528379545022992e-25,6.616629326283196e-49
4030,4.612218134849796e-24,1.5390642984466902e-25,6.711909788043341e-49
4031,4.5511300519437835e-24,1.6290736895150875e-25,6.811426776648443e-49
4032,4.4908510708114016e-24,1.6609387323287026e-25,6.911546471156527e-49
4033,4.431370475030514e-24,1.7055413172926097e-25,7.01299308483801e-49
4034,4.372677690116355e-24,1.7530716004559007e-25,7.11588573922269e-49
4035,4.314762281641501e-24,1.7558470095750834e-25,7.217576336001583e-49
4036,4.257613953380735e-24,1.8229930776357812e-25,7.321757342819416e-49
4037,4.201222545480773e-24,1.9194719999675997e-25,7.429999071322145e-49
4038,4.14557803265391e-24,1.9826004839196727e-25,7.540319909380157e-49
4039,4.090670522395786e-24,2.1306737425623877e-25,7.657309899756618e-49
4040,4.036490253226571e-24,2.1378096106966487e-25,7.773136999896697e-49
4041,3.983027592955745e-24,2.1896369642374937e-25,7.890200817032167e-49
4042,3.930273036969591e-24,2.26532134102611e-25,8.00970683854396e-49
4043,3.878217206541379e-24,2.277583290276122e-25,8.128268328088703e-49
4044,3.8268508471641816e-24,2.4821946351126374e-25,8.25576962976005e-49
4045,3.776164826905515e-24,2.4856601067609714e-25,8.381757848287496e-49
4046,3.726150134783784e-24,2.551613365353608e-25,8.509376005169349e-49
4047,3.67679787916647e-24,2.5758115578514937e-25,8.63649811559447e-49
4048,3.6280992861892565e-24,2.6651687110654184e-25,8.766288081870248e-49
4049,3.580045698196269e-24,2.678003260237927e-25,8.894975747181598e-49
4050,3.532628572200807e-24,2.747332487929253e-25,9.025246357913167e-49
4051,3.485839478366723e-24,2.8252773921020917e-25,9.157438526919548e-49
4052,3.439670098509684e-24,2.8609213231891897e-25,9.289525490230973e-49
4053,3.394112224618289e-24,2.904139044544989e-25,9.42183189058543e-49
4054,3.349157757394993e-24,2.9754884296377757e-25,9.555593387668876e-49
4055,3.3047987048161144e-24,3.0057846503986306e-25,9.688927147016697e-49
4056,3.2610271807110525e-24,3.102285256084927e-25,9.824718900884196e-49
4057,3.217835403360191e-24,3.1426659485526167e-25,9.960456228822215e-49
4058,3.1752156941116014e-24,3.2502587508120507e-25,1.0098981311764508e-48
4059,3.1331604760158564e-24,3.2511394825227816e-25,1.0235708691761691e-48
4060,3.09166227247893e-24,3.3361982811133147e-25,1.0374154927070874e-48
4061,3.050713705933143e-24,3.413088637183481e-25,1.0513916014257251e-48
4062,3.0103074965255033e-24,3.4206557244167013e-25,1.0652131745769475e-48
4063,2.970436460823431e-24,3.4606798551952167e-25,1.0790112635829405e-48
4064,2.9310935105378124e-24,3.736861263716488e-25,1.0937131782752058e-48
4065,2.8922716512627543e-24,3.971885512161375e-25,1.1091327763161829e-48
4066,2.8539639812321587e-24,4.10198154462951e-25,1.124846511864509e-48
4067,2.8161636900926414e-24,4.163165676958702e-25,1.1405833993296174e-48
4068,2.778864057692908e-24,4.2968829468174865e-25,1.1566106147677151e-48
4069,2.7420584528889796e-24,4.354435539364936e-25,1.1726373781283198e-48
4070,2.7057403323652482e-24,4.410731615838734e-25,1.1886563263705062e-48
4071,2.66990323947132e-24,4.415305047176468e-25,1.2044794960835754e-48
4072,2.634540803074073e-24,4.59739094622194e-25,1.2207369905764806e-48
4073,2.5996467364250296e-24,4.712762227811183e-25,1.2371817345043144e-48
4074,2.565214836042623e-24,4.917730725145098e-25,1.254114415947884e-48
4075,2.5312389806094523e-24,5.200671087577372e-25,1.2717841408505841e-48
4076,2.4977131298839738e-24,5.472893109084063e-25,1.2901324805917494e-48
4077,2.4646313236266127e-24,5.53485849456604e-25,1.3084427922296637e-48
4078,2.431987680540256e-24,5.97467324823707e-25,1.3279463023369691e-48
4079,2.3997763972246188e-24,6.193131494633301e-25,1.347895173655432e-48
4080,2.3679917471444632e-24,6.407638639445097e-25,1.3682616288549167e-48
4081,2.3366280796116337e-24,6.602807324897395e-25,1.388970454227058e-48
4082,2.30567981878041e-24,6.612521569324397e-25,1.4094350584550125e-48
4083,2.2751414626562605e-24,6.78568210983926e-25,1.4301574161365667e-48
4084,2.2450075821176336e-24,6.935364033162906e-25,1.4510563592632888e-48
4085,2.2152728199508623e-24,6.985998449324967e-25,1.4718290595021e-48
4086,2.1859318898977067e-24,7.239515355798231e-25,1.493070470869422e-48
4087,2.1569795757155163e-24,7.454623564010331e-25,1.5146533312229406e-48
4088,2.1284107302499763e-24,7.692191024570544e-25,1.5366290328901778e-48
4089,2.1002202745199824e-24,8.51322812508976e-25,1.560628210948146e-48
4090,2.0724031968147287e-24,8.903719817640018e-25,1.585395757551456e-48
4091,2.044954551802663e-24,9.603584139217884e-25,1.6117562947395457e-48
4092,2.017869459652394e-24,9.983728902445008e-25,1.6387973164721484e-48
4093,1.9911431051651068e-24,1.0858662005787158e-24,1.6678185614745788e-48
4094,1.9647707369184727e-24,1.1096570318668707e-24,1.697082845346439e-48
4095,1.9387476664220266e-24,1.1201731710262333e-24,1.7262331907442824e-48
4096,1.913069267283586e-24,1.1292902507373426e-24,1.7552315565458656e-48
4097,1.8877309743867977e-24,1.192776462084998e-24,1.78545447590257e-48
4098,1.862728283079496e-24,1.2231267552253937e-24,1.8160359365931724e-48
4099,1.838056748372944e-24,1.3165909683982055e-24,1.8485182563643412e-48
4100,1.8137119841515616e-24,1.3445492678681981e-24,1.881250991274625e-48
4101,1.7896896623931203e-24,1.3912156522418476e-24,1.9146712213081583e-48
4102,1.7659855123993852e-24,1.3971219911768354e-24,1.94778881054656e-48
4103,1.7425953200368277e-24,1.4441226478509882e-24,1.9815671170749205e-48
4104,1.7195149269873984e-24,1.4529560818319397e-24,2.0151019145271605e-48
4105,1.6967402300093352e-24,1.48543920366155e-24,2.0489323422698878e-48
4106,1.6742671802076362e-24,1.5349012829492911e-24,2.083426255242299e-48
4107,1.6520917823142719e-24,1.5416084537971912e-24,2.117612036101026e-48
4108,1.6302100939778544e-24,1.562900648019935e-24,2.1518109409817832e-48
4109,1.608618225062838e-24,1.568530478512798e-24,2.1856784454630394e-48
4110,1.5873123369578926e-24,1.610194201077296e-24,2.2199850629384242e-48
4111,1.5662886418934402e-24,1.6115710386835304e-24,2.2538662410304097e-48
4112,1.545543402268331e-24,1.6359292677560571e-24,2.2878039856997385e-48
4113,1.5250729299853276e-24,1.7559288733555787e-24,2.3237486790326892e-48
4114,1.5048735857954537e-24,1.7562752347612555e-24,2.3592242869917834e-48
4115,1.4849417786509645e-24,1.7575994997886278e-24,2.3942564212588208e-48
4116,1.4652739650669945e-24,1.8482657233282227e-24,2.4306077669588818e-48
4117,1.4458666484915607e-24,1.9119478844938553e-24,2.467713544828985e-48
4118,1.4267163786839147e-24,1.9170226155376657e-24,2.5044250451438905e-48
4119,1.4078197511012197e-24,1.9946008838528848e-24,2.5421162752221727e-48
4120,1.389173406293257e-24,2.0006183799248003e-24,2.5794204953633982e-48
4121,1.3707740293051531e-24,2.0694187927328752e-24,2.6174965118771572e-48
4122,1.3526183490881053e-24,2.209302141407917e-24,2.6576078950593984e-48
4123,1.3347031379178125e-24,2.2772529068699918e-24,2.6984053617741375e-48
4124,1.3170252108206694e-24,2.3695207489308415e-24,2.7402935768289046e-48
4125,1.2995814250075031e-24,2.385769649796636e-24,2.78191043159951e-48
4126,1.282368679314902e-24,2.4467779090382217e-24,2.8240261975140593e-48
4127,1.2653839136538623e-24,2.573736073975359e-24,2.867740501603895e-48
4128,1.248624108465737e-24,2.6699662509484513e-24,2.912488615828661e-48
4129,1.2320862841854712e-24,2.694588904358498e-24,2.9570512536364956e-48
4130,1.2157675007118587e-24,2.764032882034703e-24,3.0021569077523655e-48
4131,1.199664856884866e-24,2.794261816986161e-24,3.047151910550659e-48
4132,1.1837754899698297e-24,2.897397368855168e-24,3.0931897204430597e-48
4133,1.1680965751485694e-24,3.0309524400004097e-24,3.1407117655771174e-48
4134,1.1526253250171635e-24,3.1678898216781473e-24,3.1897229813970346e-48
4135,1.1373589890903803e-24,3.18446437606834e-24,3.238338084308968e-48
4136,1.1222948533127445e-24,3.432194815539745e-24,3.290041133025557e-48
4137,1.1074302395760056e-24,3.4941273574083236e-24,3.3419799865404036e-48
4138,1.0927625052430006e-24,3.503653835173946e-24,3.393370650189549e-48
4139,1.0782890426778915e-24,3.5162983783568095e-24,3.44426366313645e-48
4140,1.0640072787825469e-24,3.547472517643982e-24,3.494927828058665e-48
4141,1.0499146745391111e-24,3.556034154771241e-24,3.545041610077997e-48
4142,1.0360087245585877e-24,3.5592332841751625e-24,3.594536130096751e-48
4143,1.0222869566354736e-24,3.564992572060036e-24,3.6434541308181844e-48
4144,1.0087469313082276e-24,3.676742752545204e-24,3.693237320809415e-48
4145,9.9538624142556e-25,3.91640155569785e-24,3.7455631474510906e-48
4146,9.82202511718533e-25,3.955281525810087e-24,3.797708510002568e-48
4147,9.691933983782529e-25,4.081994657124931e-24,3.850811641151524e-48
4148,9.563565886392036e-25,4.2031180101554174e-24,3.90476626735866e-48
4149,9.436898003680532e-25,4.376723480851544e-24,3.960205297011979e-48
4150,9.311907816579765e-25,4.554127819464155e-24,4.0171274258355423e-48
4151,9.188573104282903e-25,4.560720598024662e-24,4.073376942117917e-48
4152,9.066871940293905e-25,4.6117041729267055e-24,4.129501918699727e-48
4153,8.946782688529816e-25,4.777051937658633e-24,4.1868691779828886e-48
4154,8.8282839994741e-25,4.8431650796302114e-24,4.244260049264549e-48
4155,8.711354806380924e-25,4.955391237292164e-24,4.3022030391483057e-48
4156,8.595974321530284e-25,5.061672428811457e-24,4.3606048610474437e-48
4157,8.482122032532096e-25,5.187462098668514e-24,4.419665304449919e-48
4158,8.36977769867963e-25,5.232225901719029e-24,4.478446397799343e-48
4159,8.25892134735086e-25,5.262566302197494e-24,4.5367852876880785e-48
4160,8.149533270458083e-25,5.499167303962825e-24,4.5969396212772914e-48
4161,8.041594020944032e-25,5.6074476868301456e-24,4.657465990777867e-48
4162,7.935084409324389e-25,5.633567241810877e-24,4.7174688966737085e-48
4163,7.829985500276627e-25,6.111878346561218e-24,4.781704071319331e-48
4164,7.726278609273444e-25,6.699786856289578e-24,4.851185477844309e-48
4165,7.62394529926113e-25,6.868338530632463e-24,4.921471459456782e-48
4166,7.52296737738161e-25,7.550707798890795e-24,4.9977169376819296e-48
4167,7.42332689173843e-25,7.728391081872839e-24,5.074723001745753e-48
4168,7.325006128205098e-25,7.850817185289728e-24,5.151912835747581e-48
4169,7.227987607275707e-25,7.93482076533623e-24,5.228895293196855e-48
4170,7.132254080957731e-25,8.563410700767106e-24,5.3108758435662075e-48
4171,7.037788529705463e-25,8.657520307005503e-24,5.392659586394106e-48
4172,6.944574159394375e-25,8.714328515076331e-24,5.473889650915785e-48
4173,6.852594398335252e-25,8.915494696720429e-24,5.555894158108607e-48
4174,6.761832894328371e-25,9.362206233083726e-24,5.640866949962334e-48
4175,6.672273511756243e-25,9.552296173302971e-24,5.726416724705045e-48
4176,6.583900328714884e-25,9.599624662300633e-24,5.811251663446029e-48
4177,6.496697634183491e-25,9.85132380736142e-24,5.897157861516347e-48
4178,6.410649925231188e-25,1.0727123916557539e-23,5.98946230518307e-48
4179,6.325741904260776e-25,1.226425476405613e-23,6.093595665252366e-48
4180,6.241958476289387e-25,1.2646456963346033e-23,6.199552016860542e-48
4181,6.159284746264718e-25,1.3055993939646714e-23,6.30749078867755e-48
4182,6.077706016417065e-25,1.319270194010602e-23,6.415115175430801e-48
4183,5.997207783646175e-25,1.3301156073363495e-23,6.522187131202356e-48
4184,5.9177757369431425e-25,1.4294589019471568e-23,6.635731977461888e-48
4185,5.8393957548460575e-25,1.4657353494964363e-23,6.750616287914484e-48
4186,5.762053902929361e-25,1.4767367131795544e-23,6.864829840105165e-48
4187,5.685736431326833e-25,1.6599135426101738e-23,6.991510244755969e-48
4188,5.610429772286965e-25,1.6929584342080023e-23,7.11900128832954e-48
4189,5.53612053776096e-25,1.7438451257918644e-23,7.24858508475904e-48
4190,5.462795517022444e-25,1.843291019338441e-23,7.38374443697915e-48
4191,5.390441674319094e-25,1.8701543170486847e-23,7.519057288265882e-48
4192,5.319046146555015e-25,1.9135158004153818e-23,7.655673758721442e-48
4193,5.248596241003824e-25,1.9301707581370884e-23,7.791654106329871e-48
4194,5.179079433052357e-25,1.969200404504461e-23,7.928546632667758e-48
4195,5.110483363973924e-25,2.0185273418442398e-23,8.067009673645612e-48
4196,5.042795838731061e-25,2.0290797874571534e-23,8.204353062978901e-48
4197,4.97600482380771e-25,2.2051535822321614e-23,8.351637508798049e-48
4198,4.910098445069754e-25,2.3582089308039932e-23,8.507058519734848e-48
4199,4.845064985654089e-25,2.380942959168561e-23,8.661899477040948e-48
4200,4.780892883885469e-25,2.3973751248364467e-23,8.815744077529512e-48
4201,4.717570731221267e-25,2.4564739539950032e-23,8.97129329626002e-48
4202,4.6550872702231555e-25,2.4603188984228242e-23,9.125022536192539e-48
4203,4.593431392555657e-25,2.5188239157444017e-23,9.280322835407646e-48
4204,4.5325921370115e-25,2.5892933336518945e-23,9.437853514212474e-48
4205,4.472558687562796e-25,2.72302775049552e-23,9.601326263019264e-48
4206,4.413320371438228e-25,2.8823947615463294e-23,9.772074475099544e-48
4207,4.354866657225513e-25,2.933719377926577e-23,9.943561269197168e-48
4208,4.297187152999313e-25,2.939781525547756e-23,1.0113126410124103e-47
4209,4.240271604473662e-25,2.9488718185926294e-23,1.0280963067211138e-47
4210,4.184109893178856e-25,3.048218104405952e-23,1.0452156212354385e-47
4211,4.1286920346627828e-25,3.185558907781244e-23,1.0628693065200424e-47
4212,4.074008176715775e-25,3.3173953129709615e-23,1.0810101039248998e-47
4213,4.020048597619004e-25,3.536288040089797e-23,1.1000917653457189e-47
4214,3.9668037044163225e-25,3.5589744695180817e-23,1.119041486899775e-47
4215,3.9142640312087034e-25,3.718545717965462e-23,1.1385786045827246e-47
4216,3.8624202374714497e-25,3.8011837941683785e-23,1.1582853834409503e-47
4217,3.81126310639352e-25,3.9938106673343295e-23,1.178716573021876e-47
4218,3.760783543239125e-25,4.3173702326775925e-23,1.2005104693540113e-47
4219,3.71097257373078e-25,4.347285562116326e-23,1.2221647202118756e-47
4220,3.661821342453774e-25,4.440617312670732e-23,1.2439909010666514e-47
4221,3.613321111282009e-25,4.861147717311309e-23,1.2675675798716211e-47
4222,3.565463257824428e-25,5.287918289205262e-23,1.2928744217296658e-47
4223,3.518239273892172e-25,5.409505199553178e-23,1.3184202603921811e-47
4224,3.4716407639858937e-25,5.464429512739655e-23,1.3438836876703369e-47
4225,3.42565944380335e-25,5.795138903069659e-23,1.370530501410773e-47
4226,3.3802871387665396e-25,5.900525295260404e-23,1.39730254476817e-47
4227,3.3355157825683525e-25,5.9438320254534e-23,1.4239138868475466e-47
4228,3.291337415738683e-25,6.057287808203431e-23,1.450673995125916e-47
4229,3.247744184229318e-25,6.20655068828374e-23,1.4777303552288125e-47
4230,3.2047283380175723e-25,6.237103728423614e-23,1.50455978470767e-47
4231,3.1622822297286286e-25,6.318833265813674e-23,1.5313807728137208e-47
4232,3.120398313275886e-25,6.581445702456755e-23,1.558946445007717e-47
4233,3.079069142519463e-25,6.672663097943225e-23,1.5865240082652145e-47
4234,3.0382873699423296e-25,6.67935664549502e-23,1.6137636086330288e-47
4235,2.9980457453441966e-25,6.827022759948082e-23,1.641236657335903e-47
4236,2.958337114552502e-25,6.951173699721047e-23,1.668838816337019e-47
4237,2.9191544181504806e-25,6.976673674241092e-23,1.6961753049843954e-47
4238,2.8804906902222616e-25,7.154882521654772e-23,1.7238387481019585e-47
4239,2.842339057114383e-25,7.332844842757478e-23,1.7518147487097467e-47
4240,2.804692736213829e-25,7.618765093517619e-23,1.7804965962673972e-47
4241,2.7675450347421376e-25,7.790018582908389e-23,1.809434724745078e-47
4242,2.730889348565673e-25,8.047300943639155e-23,1.8389326585408384e-47
4243,2.6947191610214818e-25,8.129559109648371e-23,1.8683374263055955e-47
4244,2.6590280417586977e-25,8.617710913052093e-23,1.8990950011025894e-47
4245,2.623809645595469e-25,8.762072564189119e-23,1.9299536153802465e-47
4246,2.5890577113908325e-25,9.476743885873788e-23,1.9628871333798541e-47
4247,2.5547660609316413e-25,9.542775393041932e-23,1.9956108851987305e-47
4248,2.5209285978341285e-25,9.703168577825185e-23,2.028443946066841e-47
4249,2.4875393064601972e-25,1.008630981824096e-22,2.0621214198077402e-47
4250,2.4545922508479037e-25,1.0097939343667809e-22,2.0953911567202791e-47
4251,2.422081573656107e-25,1.0234993168778664e-22,2.12866581261732e-47
4252,2.390001495123254e-25,1.0393640137030081e-22,2.1620086918011335e-47
4253,2.358346312039798e-25,1.178515124250942e-22,2.199314803825919e-47
4254,2.3271103967342297e-25,1.2016103097070246e-22,2.2368482016902255e-47
4255,2.2962881960726874e-25,1.2057206508737905e-22,2.274011165533223e-47
4256,2.2658742304716533e-25,1.2149947872375165e-22,2.3109639751977003e-47
4257,2.235863092923823e-25,1.263477021610827e-22,2.348882357881786e-47
4258,2.206249448036779e-25,1.2782966632228168e-22,2.3867373813267595e-47
4259,2.177028031084564e-25,1.2794278087350016e-22,2.424124074786064e-47
4260,2.14819364707166e-25,1.3010126978140323e-22,2.461637974520498e-47
4261,2.1197411698093816e-25,1.3082450725662125e-22,2.498860787701176e-47
4262,2.091665541004626e-25,1.4089304739276587e-22,2.5384173966988773e-47
4263,2.063961769360551e-25,1.4108234932813062e-22,2.5775025285868387e-47
4264,2.0366249296892469e-25,1.4145429067727636e-22,2.6161716612374665e-47
4265,2.009650162036077e-25,1.455618238375672e-22,2.6554366250093666e-47
4266,1.9830326708157623e-25,1.5719089295293367e-22,2.697276897140248e-47
4267,1.9567677239597729e-25,1.5790737965612066e-22,2.7387511864886134e-47
4268,1.9308506520750197e-25,1.5928542080826165e-22,2.780033303501422e-47
4269,1.9052768476138115e-25,1.6716750710833122e-22,2.822784394891983e-47
4270,1.8800417640546798e-25,1.7324313981809764e-22,2.866502445985543e-47
4271,1.8551409150940573e-25,1.736044365958246e-22,2.9097314245312087e-47
4272,1.8305698738487818e-25,1.7698966631262514e-22,2.9532196284407597e-47
4273,1.8063242720690287e-25,1.782130135533663e-22,2.996428446026606e-47
4274,1.7823997993617484e-25,1.8482044907789864e-22,3.040645763923721e-47
4275,1.7587922024243116e-25,1.8619150794834055e-22,3.084601104651901e-47
4276,1.7354972842884321e-25,1.9150303174199706e-22,3.1292115791239265e-47
4277,1.712510903573989e-25,1.9740412190005358e-22,3.174587642129876e-47
4278,1.689828973752735e-25,2.0350663695107346e-22,3.2207468747047126e-47
4279,1.6674474624218642e-25,2.1071479868543006e-22,3.267908031248314e-47
4280,1.645362390587081e-25,2.147720424505465e-22,3.3153405911045487e-47
4281,1.6235698319552377e-25,2.1905160509811076e-22,3.3630775405795483e-47
4282,1.6020659122362687e-25,2.332019030866366e-22,3.4132250906024066e-47
4283,1.5808468084544887e-25,2.4425275478875753e-22,3.46505333613089e-47
4284,1.5599087482689058e-25,2.709377606775926e-22,3.5217824475270345e-47
4285,1.5392480093025411e-25,2.7262776729620236e-22,3.578109358877931e-47
4286,1.5188609184807297e-25,2.816009331577819e-22,3.6355195968758766e-47
4287,1.4987438513780859e-25,2.8251962061596555e-22,3.6923542585333254e-47
4288,1.4788932315741197e-25,2.8312560849094687e-22,3.748556446642529e-47
4289,1.459305530017484e-25,2.8486442698291755e-22,3.8043548404409636e-47
4290,1.439977264398535e-25,2.871699160225766e-22,3.85985980458752e-47
4291,1.4209049985302664e-25,2.9246211290900783e-22,3.915638956325482e-47
4292,1.4020853417373834e-25,2.9810293786219296e-22,3.971740906120648e-47
4293,1.3835149482535662e-25,3.029511482045085e-22,4.028000126405967e-47
4294,1.3651905166266286e-25,3.0795286094630777e-22,4.0844307378532714e-47
4295,1.3471087891315552e-25,3.2424394519785757e-22,4.143059644443223e-47
4296,1.3292665511914005e-25,3.3232094803869107e-22,4.2023531387172643e-47
4297,1.3116606308057605e-25,3.44089632875229e-22,4.262933285536518e-47
4298,1.2942878979868733e-25,3.580301480201945e-22,4.3251329065631326e-47
4299,1.2771452642031297e-25,3.6027262432400784e-22,4.386893123174079e-47
4300,1.2602296818300503e-25,3.800070474837064e-22,4.451173528314693e-47
4301,1.2435381436084483e-25,3.9052909396873997e-22,4.516358841300961e-47
4302,1.2270676821097717e-25,4.070847323239459e-22,4.583407575405367e-47
4303,1.2108153692086058e-25,4.0832736539318773e-22,4.649770216490154e-47
4304,1.1947783155620831e-25,4.166449316167532e-22,4.716587787689051e-47
4305,1.1789536700961897e-25,4.1867490452242256e-22,4.782841606984392e-47
4306,1.1633386194989506e-25,4.206552842285975e-22,4.848527142456647e-47
4307,1.1479303877202443e-25,4.337049722423033e-22,4.915353409815515e-47
4308,1.1327262354782922e-25,4.397359152570896e-22,4.982211527833744e-47
4309,1.1177234597726354e-25,4.402989189175908e-22,5.048268587073382e-47
4310,1.1029193934036433e-25,4.403673149285951e-22,5.11346085664276e-47
4311,1.0883114044983115e-25,4.570027367232889e-22,5.18021976572036e-47
4312,1.0738968960423456e-25,4.688159157590666e-22,5.247797275540365e-47
4313,1.0596733054185078e-25,4.773764140326668e-22,5.315697342407129e-47
4314,1.0456381039510035e-25,4.7857912180971305e-22,5.382866886334535e-47
4315,1.0317887964559469e-25,4.898664608239736e-22,5.450709998809198e-47
4316,1.0181229207977375e-25,5.0017764991084e-22,5.519063654516168e-47
4317,1.0046380474513841e-25,5.233429661510898e-22,5.589635790668691e-47
4318,9.913317790705607e-26,5.326902273962005e-22,5.660516981964449e-47
4319,9.782017500613843e-26,5.679819393483285e-22,5.735093175367766e-47
4320,9.652456261619012e-26,5.933211880606408e-22,5.811964603614788e-47
4321,9.524611040270728e-26,6.353135986662436e-22,5.893186411261849e-47
4322,9.398459108192992e-26,6.456950286695391e-22,5.974642086661502e-47
4323,9.27397803804327e-26,6.623962206088732e-22,6.0570978770660255e-47
4324,9.151145699525747e-26,6.655860439832368e-22,6.138853367333113e-47
4325,9.029940255456796e-26,6.809173974586294e-22,6.22138426286636e-47
4326,8.910340157882563e-26,7.2244865704187e-22,6.307789192740941e-47
4327,8.792324144248544e-26,7.273755059985429e-22,6.393631150373917e-47
4328,8.675871233619329e-26,7.843730333074246e-22,6.484973673121633e-47
4329,8.560960722948418e-26,8.2019385396292225e-22,6.579222567729655e-47
4330,8.447572183397996e-26,8.244604370750793e-22,6.672706932606701e-47
4331,8.335685456706837e-26,8.492615924128246e-22,6.767728032286293e-47
4332,8.225280651606685e-26,8.58434352548892e-22,6.862503309670728e-47
4333,8.116338140285733e-26,8.948517309152962e-22,6.959990704496542e-47
4334,8.008838554899546e-26,9.204855945393615e-22,7.058942524263481e-47
4335,7.902762784127649e-26,9.441086285950582e-22,7.159089574734101e-47
4336,7.798091969775746e-26,9.497260992216728e-22,7.258498178950888e-47
4337,7.694807503423444e-26,9.573824900250873e-22,7.357380918528168e-47
4338,7.592891023115808e-26,9.621621905516635e-22,7.455441102474278e-47
4339,7.492324410099081e-26,9.752349460671264e-22,7.553517177895799e-47
4340,7.393089785599306e-26,9.958955991865752e-22,7.652344503722057e-47
4341,7.295169507644153e-26,1.0007658960199843e-21,7.750339778428372e-47
4342,7.198546167926364e-26,1.030036401908662e-21,7.849865335611682e-47
4343,7.103202588708733e-26,1.0444903292776739e-21,7.949450782063217e-47
4344,7.009121819770562e-26,1.0616670872021526e-21,8.0493332379835435e-47
4345,6.916287135394082e-26,1.1836871212929774e-21,8.1592204582892805e-47
4346,6.8246820313908e-26,1.2208340696837644e-21,8.271055090213413e-47
4347,6.734290222167676e-26,1.2516975300033475e-21,8.384198294550531e-47
4348,6.645095637831667e-26,1.2656118080263598e-21,8.497084013698187e-47
4349,6.557082421332909e-26,1.2773769974819183e-21,8.609510071928096e-47
4350,6.47023492564546e-26,1.3066162912680903e-21,8.722986424649152e-47
4351,6.384537710985842e-26,1.3133724436585513e-21,8.835538784881386e-47
4352,6.29997554206801e-26,1.3322359049004322e-21,8.948195542509977e-47
4353,6.216533385394681e-26,1.3711012074317152e-21,9.062603184275484e-47
4354,6.13419640658495e-26,1.3967102920458058e-21,9.177604089994994e-47
4355,6.052949967736838e-26,1.4328590247527992e-21,9.294018783127537e-47
4356,5.972779624825054e-26,1.4661829462965383e-21,9.411563172703539e-47
4357,5.893671125132955e-26,1.468636763793698e-21,9.527744823679918e-47
4358,5.815610404718955e-26,1.5522742865317584e-21,9.648916472766715e-47
4359,5.738583585916091e-26,1.5758981808573077e-21,9.770302896395373e-47
4360,5.662576974864739e-26,1.5831594881635654e-21,9.89063348384448e-47
4361,5.587577059078344e-26,1.7888505687221204e-21,1.0024797125853083e-46
4362,5.513570505041055e-26,1.819810943386134e-21,1.0159475062772439e-46
4363,5.440544155837156e-26,1.8747698316282437e-21,1.0296382659173857e-46
4364,5.368485028812274e-26,1.896601124360318e-21,1.043305008050967e-46
4365,5.297380313265152e-26,1.942433639779156e-21,1.0571166271935327e-46
4366,5.227217368170235e-26,1.983505838109981e-21,1.0710334883150084e-46
4367,5.157983719930193e-26,2.0837090490716543e-21,1.0854597662488104e-46
4368,5.0896670601585886e-26,2.1004853437825677e-21,1.0998095805074539e-46
4369,5.0222552434915674e-26,2.1496892401637055e-21,1.1143010262023522e-46
4370,4.955736285428548e-26,2.160795550136267e-21,1.1286744130605794e-46
4371,4.890098360201828e-26,2.1753417176240956e-21,1.142952904760977e-46
4372,4.825329798674047e-26,2.223037344590248e-21,1.1573511978641418e-46
4373,4.761419086263717e-26,2.268658700436038e-21,1.171850357240218e-46
4374,4.698354860898014e-26,2.3319701497910433e-21,1.1865567463474693e-46
4375,4.636125910993035e-26,2.4187748343748412e-21,1.201608528147443e-46
4376,4.5747211734604875e-26,2.4650208163244358e-21,1.2167449237713098e-46
4377,4.5141297317407983e-26,2.553723922902177e-21,1.2322183051955801e-46
4378,4.454340813862555e-26,2.8037500955100502e-21,1.248981623616737e-46
4379,4.3953437905273635e-26,2.8177894191568722e-21,1.2656057424283023e-46
4380,4.3371281732200726e-26,2.8428585224272577e-21,1.2821556188083418e-46
4381,4.2796836123443105e-26,3.022779752072981e-21,1.2995198443565395e-46
4382,4.2229998953824053e-26,3.151315677134006e-21,1.3173826729465673e-46
4383,4.1670669450798567e-26,3.174857602632039e-21,1.3351405881971359e-46
4384,4.1118748176536823e-26,3.1922880079033138e-21,1.3527595048484608e-46
4385,4.0574137010247844e-26,3.2777759182532754e-21,1.3706106385051991e-46
4386,4.003673913073464e-26,3.425685054772115e-21,1.3890201973483452e-46
4387,3.950645899918046e-26,3.5902153007536025e-21,1.4080583957682596e-46
4388,3.8983202342165577e-26,3.598557679574302e-21,1.4268880883831524e-46
4389,3.846687613490617e-26,3.6228704894116005e-21,1.4455939181750517e-46
4390,3.7957388584716883e-26,3.667814713189578e-21,1.4642809775027634e-46
4391,3.745464911469083e-26,3.879269267615499e-21,1.483783595259657e-46
4392,3.6958568347598416e-26,3.941016106244735e-21,1.5033342181907517e-46
4393,3.6469058089996956e-26,3.967217986320671e-21,1.5227541571752015e-46
4394,3.598603131655089e-26,4.02215391901249e-21,1.5421822374732419e-46
4395,3.5509402154561916e-26,4.139950504896355e-21,1.5619144488714878e-46
4396,3.5039085868701455e-26,4.4360116508026804e-21,1.5827777341078802e-46
4397,3.45749988459469e-26,4.50008242035253e-21,1.6036620326339953e-46
4398,3.4117058580715867e-26,4.518154374254012e-21,1.6243524807590017e-46
4399,3.3665183660199795e-26,4.5190269914509354e-21,1.6447728303847204e-46
4400,3.321929374988957e-26,4.585550780424044e-21,1.665219338646783e-46
4401,3.277930957929298e-26,4.952197195360135e-21,1.6870082224030959e-46
4402,3.234515292784334e-26,5.127989278666749e-21,1.7092717289420522e-46
4403,3.1916746610992707e-26,5.1332317104133185e-21,1.7312628178480427e-46
4404,3.149401446648931e-26,5.1622711471208876e-21,1.7530853973733467e-46
4405,3.1076881340838756e-26,5.2331747224487204e-21,1.774914702663852e-46
4406,3.0665273075942304e-26,5.3509059063387474e-21,1.7969394736211748e-46
4407,3.025911649591344e-26,5.40515112403506e-21,1.818892850571947e-46
4408,2.985833939406779e-26,5.536880984837228e-21,1.8410834017156205e-46
4409,2.9462870520087465e-26,5.8192518937614565e-21,1.864096731653958e-46
4410,2.907263956735351e-26,6.236543538096655e-21,1.8884336549203404e-46
4411,2.8687577160446136e-26,6.357626913329823e-21,1.912914486134999e-46
4412,2.830761484281238e-26,6.4102023422395805e-21,1.937270839519586e-46
4413,2.7932685064595045e-26,6.569559721929297e-21,1.9619020752148707e-46
4414,2.7562721170624064e-26,6.706476172985345e-21,1.986713615612683e-46
4415,2.719765738856571e-26,6.987998880512856e-21,2.0122242686160788e-46
4416,2.6837428817230775e-26,7.237811787112674e-21,2.0382969346127065e-46
4417,2.648197141503578e-26,7.43401030156005e-21,2.06472167450954e-46
4418,2.613122198861711e-26,7.448010026913695e-21,2.0908455269585448e-46
4419,2.5785118181597572e-26,7.54392689530573e-21,2.116955345141969e-46
4420,2.5443598463500104e-26,7.685193721999463e-21,2.1432017970765856e-46
4421,2.510660211880831e-26,8.133439297345291e-21,2.170611190206365e-46
4422,2.4774069236173525e-26,8.545970104125896e-21,2.199029350942722e-46
4423,2.4445940697763025e-26,8.680314129999916e-21,2.2275119388269306e-46
4424,2.4122158168750386e-26,8.789147615684214e-21,2.255969663255647e-46
4425,2.3802664086944007e-26,8.995796589246413e-21,2.2847107009696295e-46
4426,2.348740165255471e-26,9.837499287002941e-21,2.3157246407048646e-46
4427,2.3176314818097335e-26,9.89237775227444e-21,2.3464985255069806e-46
4428,2.2869348278426096e-26,1.0235347612763119e-20,2.3779176178972025e-46
4429,2.256644746090341e-26,1.0240190069583572e-20,2.4089352373338482e-46
4430,2.2267558515697277e-26,1.025478513305143e-20,2.439585656451181e-46
4431,2.1972628306208176e-26,1.0286880190912812e-20,2.469924773748133e-46
4432,2.1681604399621772e-26,1.0432126335706351e-20,2.500284755350335e-46
4433,2.1394435057588343e-26,1.0450971292646236e-20,2.5302967408475295e-46
4434,2.1111069227024233e-26,1.0767925955364834e-20,2.5608093636654775e-46
4435,2.0831456531035165e-26,1.1766841354923702e-20,2.5937109460107363e-46
4436,2.0555547259961123e-26,1.2115923242022086e-20,2.62713990151169e-46
4437,2.0283292362538499e-26,1.2417056212104055e-20,2.6609459451648636e-46
4438,2.0014643437179293e-26,1.2551175539500372e-20,2.694664543371679e-46
4439,1.974955272336714e-26,1.3199321553502367e-20,2.7296547190962195e-46
4440,1.9487973093165845e-26,1.3221651290583996e-20,2.7642398656486336e-46
4441,1.9229858042841236e-26,1.390237332973103e-20,2.800123983564984e-46
4442,1.8975161684593168e-26,1.393629074611649e-20,2.835619208570205e-46
4443,1.8723838738398392e-26,1.4260387133462078e-20,2.871458833652803e-46
4444,1.8475844523960238e-26,1.5213600787757868e-20,2.9091876834141598e-46
4445,1.8231134952764937e-26,1.5370402535097792e-20,2.946800529548789e-46
4446,1.798966652024435e-26,1.60685393161284e-20,2.9856009795643984e-46
4447,1.7751396298041167e-26,1.6239023920670717e-20,3.0242937379438086e-46
4448,1.7516281926377357e-26,1.628612498827568e-20,3.0625847583783757e-46
4449,1.728428160652291e-26,1.6814508202481274e-20,3.1015944711900847e-46
4450,1.7055354093365615e-26,1.7088679677860893e-20,3.1407151606080276e-46
4451,1.682945868807809e-26,1.7351726860947772e-20,3.17991191432495e-46
4452,1.6606555230881976e-26,1.786339481211907e-20,3.2197300389337545e-46
4453,1.6386604093909042e-26,1.795533525173623e-20,3.25922300296725e-46
4454,1.6169566174155755e-26,1.8295306461784675e-20,3.298930755524396e-46
4455,1.5955402886531186e-26,2.11450366788687e-20,3.3442156612452824e-46
4456,1.5744076156998045e-26,2.1353263577528844e-20,3.3893408148122654e-46
4457,1.5535548415803386e-26,2.1537127030288094e-20,3.4342516993267494e-46
4458,1.532978259079967e-26,2.2781572107369642e-20,3.481128389122295e-46
4459,1.512674210085363e-26,2.2865286559235305e-20,3.527554178979733e-46
4460,1.4926390849343513e-26,2.2969447782182983e-20,3.573573755076299e-46
4461,1.4728693217741478e-26,2.3068939038784373e-20,3.619180501191693e-46
4462,1.4533614059281006e-26,2.420824516539351e-20,3.66640574213839e-46
4463,1.4341118692709134e-26,2.4749348681180654e-20,3.7140470916063794e-46
4464,1.415117289612037e-26,2.4790653565170365e-20,3.7611358960003026e-46
4465,1.396374290087293e-26,2.510557626244881e-20,3.808191276395853e-46
4466,1.377879538558492e-26,2.5320685924016913e-20,3.8550212558662036e-46
4467,1.3596297470211062e-26,2.619129095522378e-20,3.902819815868989e-46
4468,1.341621671019695e-26,2.7036664704023382e-20,3.951507647150462e-46
4469,1.3238521090710766e-26,3.002954864342163e-20,4.0048688396412954e-46
4470,1.3063179020952247e-26,3.0150152837533256e-20,4.057734741661983e-46
4471,1.2890159328536072e-26,3.0976640340886145e-20,4.111330429500649e-46
4472,1.2719431253950209e-26,3.1571540897646174e-20,4.165231913392289e-46
4473,1.2550964445087115e-26,3.2652150685206205e-20,4.220239949676824e-46
4474,1.238472895184827e-26,3.314373085348725e-20,4.275336594138874e-46
4475,1.2220695220819363e-26,3.4007115343547795e-20,4.3311197342522e-46
4476,1.205883409001601e-26,3.518177756119966e-20,4.388065357249478e-46
4477,1.189911678369985e-26,3.592653833856812e-20,4.445446256536482e-46
4478,1.1741514907262522e-26,3.5992504192495567e-20,4.502171118520638e-46
4479,1.1586000442177406e-26,3.736497124746556e-20,4.560279053685341e-46
4480,1.1432545741018985e-26,3.7591657688249077e-20,4.617965219651341e-46
4481,1.1281123522547331e-26,3.813284156745217e-20,4.6757068143190575e-46
4482,1.1131706866858209e-26,3.8151474055660573e-20,4.732711470949129e-46
4483,1.0984269210596921e-26,3.8430754975963324e-20,4.7893728753692076e-46
4484,1.083878434223634e-26,3.933102273536218e-20,4.8465935620206194e-46
4485,1.0695226397416773e-26,3.979530202071654e-20,4.9037228797363e-46
4486,1.0553569854347556e-26,4.118954158251414e-20,4.962070560448147e-46
4487,1.0413789529270245e-26,4.2502857281693295e-20,5.021481192523644e-46
4488,1.0275860571981119e-26,4.332478339461072e-20,5.081238614507603e-46
4489,1.0139758461413462e-26,4.376321468247271e-20,5.140801273342703e-46
4490,1.0005459001277903e-26,4.4399244984934215e-20,5.200429219661734e-46
4491,9.872938315761219e-27,4.521349639958023e-20,5.260346455036519e-46
4492,9.742172845281474e-27,4.5229091947791665e-20,5.319490489915765e-46
4493,9.613139342299369e-27,4.678677226655348e-20,5.379861101103559e-46
4494,9.485814867185712e-27,4.786413064365378e-20,5.440803854213306e-46
4495,9.360176784142987e-27,4.928475603813229e-20,5.502724276931899e-46
4496,9.236202757180951e-27,5.0019048452788146e-20,5.5647349055469125e-46
4497,9.113870746146137e-27,5.10033409640964e-20,5.627128318243235e-46
4498,8.993159002803281e-27,5.280395470701166e-20,5.6908688925240405e-46
4499,8.874046066969035e-27,5.464749576990821e-20,5.755961129095474e-46
4500,8.75651076269652e-27,5.943543442918926e-20,5.825818747797512e-46
4501,8.640532194511038e-27,6.022405415429885e-20,5.895665743508917e-46
4502,8.526089743695066e-27,6.034546823660587e-20,5.964726576315263e-46
4503,8.41316306462248e-27,6.175998361024469e-20,6.034470074802086e-46
4504,8.30173208114186e-27,6.363351662912349e-20,6.105377528205222e-46
4505,8.191776983007107e-27,6.48543002938164e-20,6.176688137737895e-46
4506,8.08327822235568e-27,7.092734371338182e-20,6.253643426629892e-46
4507,7.976216510233142e-27,7.397599762101365e-20,6.332843396242676e-46
4508,7.870572813164314e-27,7.523564570632106e-20,6.412325113880438e-46
4509,7.766328349769308e-27,7.537449210694915e-20,6.490898848714039e-46
4510,7.663464587424408e-27,7.60567846865621e-20,6.5691337189611965e-46
4511,7.561963238967671e-27,7.686347426335237e-20,6.647151181809196e-46
4512,7.461806259447648e-27,7.70307520619064e-20,6.7243028563759594e-46
4513,7.362975842915193e-27,7.72103071540565e-20,6.800610124542301e-46
4514,7.26545441925824e-27,7.723712333286047e-20,6.875932866808184e-46
4515,7.169224651077955e-27,7.732800083625473e-20,6.9503454227513605e-46
4516,7.0742694306066e-27,7.795882775547555e-20,7.024371399523457e-46
4517,6.980571876665899e-27,7.868141403843426e-20,7.098093959883425e-46
4518,6.888115331666205e-27,8.037781795720483e-20,7.1724085133128e-46
4519,6.796883358644945e-27,8.07589529201298e-20,7.246086499453145e-46
4520,6.706859738344314e-27,8.189866807773735e-20,7.319814645434721e-46
4521,6.618028466328096e-27,8.72225478277769e-20,7.39729554415509e-46
4522,6.530373750136195e-27,8.789950585500634e-20,7.47434360654638e-46
4523,6.443880006477137e-27,9.636199018300347e-20,7.557690699320033e-46
4524,6.358531858457487e-27,1.0576094384552857e-19,7.647955706220295e-46
4525,6.274314132848414e-27,1.0663373748899007e-19,7.737760214665471e-46
4526,6.191211857388043e-27,1.0751706962675791e-19,7.827109346033619e-46
4527,6.1092102581195536e-27,1.1283691386559137e-19,7.91963741996861e-46
4528,6.028294756764928e-27,1.1307477309977345e-19,8.011132439527897e-46
4529,5.948450968133076e-27,1.1377910932166577e-19,8.101977991081891e-46
4530,5.869664697562311e-27,1.2089452006021295e-19,8.197226274761758e-46
4531,5.791921938397071e-27,1.2237578220705484e-19,8.292364584399567e-46
4532,5.715208869497636e-27,1.2777947440020946e-19,8.390388140635535e-46
4533,5.639511852783088e-27,1.2803542189656195e-19,8.487307135349118e-46
4534,5.564817430806563e-27,1.3101041507842975e-19,8.585164607620998e-46
4535,5.491112324363021e-27,1.3759345693011106e-19,8.686578011510684e-46
4536,5.418383430128347e-27,1.3780795942523605e-19,8.786804216568027e-46
4537,5.3466178183297145e-27,1.4165163865057844e-19,8.888461381668404e-46
4538,5.275802730447162e-27,1.4419324876896642e-19,8.990571957504854e-46
4539,5.2059255769452236e-27,1.4564850278991493e-19,9.09234698537264e-46
4540,5.1369739350348285e-27,1.5387385440319118e-19,9.19844553445445e-46
4541,5.068935546464628e-27,1.5688183373979407e-19,9.305185406090387e-46
4542,5.00179831534194e-27,1.605386106982178e-19,9.412966584196001e-46
4543,4.9355503059822194e-27,1.63494393178498e-19,9.521278365091512e-46
4544,4.870179740787029e-27,1.653744972901401e-19,9.62938460865878e-46
4545,4.805674998150422e-27,1.6540403348635734e-19,9.736078054769723e-46
4546,4.7420246103927044e-27,1.6652317273715808e-19,9.842070699923377e-46
4547,4.679217261721781e-27,1.6655487841863848e-19,9.946679403140204e-46
4548,4.617241786221289e-27,1.6661866905243854e-19,1.0049942115558042e-45
4549,4.556087165865725e-27,1.6767423383670898e-19,1.0152482656694984e-45
4550,4.495742528561543e-27,1.7171458086308064e-19,1.0256103197715206e-45
4551,4.436197146214228e-27,1.7863217809429225e-19,1.036247041115679e-45
4552,4.3774404328212306e-27,1.8502187205063942e-19,1.0471183182231942e-45
4553,4.3194619425898965e-27,1.8754597177431886e-19,1.0579919505156377e-45
4554,4.262251368080308e-27,1.8899995818111284e-19,1.0688047467054674e-45
4555,4.205798538373017e-27,2.0061720720627538e-19,1.0801301557402356e-45
4556,4.150093417260725e-27,2.0141716497254076e-19,1.0913501233091255e-45
4557,4.095126101464105e-27,2.0458276535531592e-19,1.102595488778957e-45
4558,4.040886818871075e-27,2.066060553645866e-19,1.1138016530013079e-45
4559,3.987365926799684e-27,2.0830697250559596e-19,1.1249504279944982e-45
4560,3.9345539102837406e-27,2.135312994514439e-19,1.1362274465077987e-45
4561,3.882441380381159e-27,2.1582264705274144e-19,1.147474510655989e-45
4562,3.831019072504955e-27,2.1813388799457144e-19,1.1586914586026793e-45
4563,3.780277844776072e-27,2.1968004664002173e-19,1.1698382938767322e-45
4564,3.7302086763981886e-27,2.211236876138896e-19,1.1809097730242105e-45
4565,3.680802666053892e-27,2.2398160733598987e-19,1.1919758106331846e-45
4566,3.6320510303223584e-27,2.337412356390265e-19,1.203371078208497e-45
4567,3.583945102117749e-27,2.349250258786544e-19,1.2146723646368815e-45
4568,3.5364763291482984e-27,2.3617086347634793e-19,1.2258831057372393e-45
4569,3.489636272396039e-27,2.39386589945784e-19,1.2370959871960296e-45
4570,3.44341660461643e-27,2.3966744041333273e-19,1.2481733366695231e-45
4571,3.397809108857863e-27,2.4493983897463854e-19,1.2593444293366632e-45
4572,3.3528056770009974e-27,2.4550066077587574e-19,1.2703928015947058e-45
4573,3.308398308317196e-27,2.906448704211124e-19,1.2832995755115517e-45
4574,3.264579108046204e-27,2.9219136459839094e-19,1.2961031674343432e-45
4575,3.221340285992516e-27,2.994407692836762e-19,1.3090506335730195e-45
4576,3.1786741551405767e-27,3.0948169786404475e-19,1.3222550201903671e-45
4577,3.1365731302881068e-27,3.1032660060022473e-19,1.3353200881146197e-45
4578,3.0950297266975368e-27,3.2089854174461496e-19,1.3486513057459416e-45
4579,3.054036558765502e-27,3.2397159397565767e-19,1.3619319277029946e-45
4580,3.013586338709738e-27,3.4075766950845935e-19,1.3757156504203012e-45
4581,2.973671875273497e-27,3.6075250603934236e-19,1.3901148931321409e-45
4582,2.9342860724470006e-27,3.7128229836087103e-19,1.4047381445283506e-45
4583,2.8954219282060347e-27,3.7313702362372344e-19,1.4192397956361077e-45
4584,2.857072533267063e-27,3.800997032113814e-19,1.433816389270747e-45
4585,2.8192310698588293e-27,3.861683636692975e-19,1.4484295652739564e-45
4586,2.7818908105104168e-27,3.976032867103912e-19,1.4632761751175036e-45
4587,2.745045116855171e-27,3.997575607027605e-19,1.478005519735526e-45
4588,2.708687438450471e-27,3.999024665947719e-19,1.492545045009225e-45
4589,2.6728113116133073e-27,4.610425909943062e-19,1.509085467481071e-45
4590,2.6374103582710866e-27,4.629571102722188e-19,1.5254745905412673e-45
4591,2.6024782848277733e-27,4.725233929001932e-19,1.5419808124057404e-45
4592,2.568008881044937e-27,5.06819782664874e-19,1.5594505881395453e-45
4593,2.5339960189378075e-27,5.091503494713871e-19,1.5767682487679126e-45
4594,2.5004336516857784e-27,5.253702943962089e-19,1.5944009195317447e-45
4595,2.4673158125573522e-27,5.29812803670966e-19,1.6119471747319e-45
4596,2.434636613849478e-27,5.324947400203433e-19,1.629348676151923e-45
4597,2.4023902458407595e-27,5.383576343420993e-19,1.6467087545492214e-45
4598,2.3705709757586392e-27,5.484071689297654e-19,1.6641586703723685e-45
4599,2.339173146760153e-27,5.649562605285913e-19,1.6818970704320695e-45
4600,2.3081911769263572e-27,5.682465202303428e-19,1.6995024669800054e-45
4601,2.2776195582699205e-27,5.705096294109716e-19,1.7169438698101824e-45
4602,2.2474528557558643e-27,5.722366163327086e-19,1.7342063615827412e-45
4603,2.2176857063354173e-27,5.725118579764984e-19,1.7512484076041053e-45
4604,2.188312817992521e-27,5.726117592466636e-19,1.768067668872287e-45
4605,2.159328968802966e-27,5.743851348689462e-19,1.784715560998051e-45
4606,2.1307290060061313e-27,5.777953364400698e-19,1.8012404861244213e-45
4607,2.102507845088861e-27,5.847523789391205e-19,1.817742877107219e-45
4608,2.0746604688815677e-27,5.852135272202067e-19,1.8340395383613172e-45
4609,2.0471819266662196e-27,5.909222901868878e-19,1.8502772214582078e-45
4610,2.0200673332962882e-27,6.1232334850975205e-19,1.8668801200639645e-45
4611,1.9933118683282192e-27,6.203415276172833e-19,1.883477646074367e-45
4612,1.9669107751644115e-27,6.492394459431903e-19,1.9006182771723322e-45
4613,1.9408593602076715e-27,6.659147494309227e-19,1.9179662986355707e-45
4614,1.915152992026727e-27,6.842843440649641e-19,1.9355567639245606e-45
4615,1.8897871005328777e-27,7.324905183787989e-19,1.9541370389340306e-45
4616,1.8647571761674672e-27,7.61851058926583e-19,1.9732061133166708e-45
4617,1.8400587691002546e-27,8.487502008030061e-19,1.994168891274482e-45
4618,1.8156874884382802e-27,8.493160667264791e-19,2.014867811507397e-45
4619,1.7916390014452124e-27,8.616986984460622e-19,2.0355903614489205e-45
4620,1.7679090327711494e-27,8.718123200186322e-19,2.0562784404926248e-45
4621,1.7444933636924946e-27,8.852523304144153e-19,2.0770072161127167e-45
4622,1.7213878313619754e-27,8.915789964806382e-19,2.097607623441112e-45
4623,1.69858832806852e-27,8.943263670304699e-19,2.117997820391647e-45
4624,1.6760908005070633e-27,8.959676267957046e-19,2.1381548767696564e-45
4625,1.6538912490579074e-27,9.177047430072395e-19,2.15852751042718e-45
4626,1.6319857270756374e-27,9.343269401976683e-19,2.178994429754307e-45
4627,1.610370340187551e-27,9.351854485300137e-19,2.199208825036392e-45
4628,1.5890412456012837e-27,1.0338559427544682e-18,2.2212600362279765e-45
4629,1.5679946514215993e-27,1.108753727986715e-18,2.244595525986125e-45
4630,1.5472268159763344e-27,1.1291489210450309e-18,2.2680455049715867e-45
4631,1.5267340471511569e-27,1.2042785646055221e-18,2.2927245071971643e-45
4632,1.5065127017332021e-27,1.2067201963763495e-18,2.3171260131109127e-45
4633,1.4865591847633384e-27,1.2553611213819235e-18,2.3421748825497142e-45
4634,1.4668699488971178e-27,1.2732151964967765e-18,2.3672435168619957e-45
4635,1.4474414937740956e-27,1.2877824933576117e-18,2.3922631412424075e-45
4636,1.428270365395504e-27,1.2891814443031876e-18,2.416978204214442e-45
4637,1.4093531555102601e-27,1.2955943455840013e-18,2.4414872343759898e-45
4638,1.3906865010090057e-27,1.2972563384331352e-18,2.4657026702450835e-45
4639,1.3722670833262312e-27,1.2987137626490706e-18,2.4896242214896843e-45
4640,1.3540916278502608e-27,1.3219062110479676e-18,2.513650468971995e-45
4641,1.3361569033411505e-27,1.3256050481041288e-18,2.5374248303176287e-45
4642,1.3184597213562052e-27,1.3257183919151699e-18,2.5608863099601405e-45
4643,1.3009969356831096e-27,1.4209385283994328e-18,2.5856998549362236e-45
4644,1.2837654417806499e-27,1.480879025316138e-18,2.611217612831239e-45
4645,1.2667621762267578e-27,1.4827016347615451e-18,2.6364283824642795e-45
4646,1.2499841161738671e-27,1.4891697940947828e-18,2.6614137626985526e-45
4647,1.2334282788115661e-27,1.493809329828691e-18,2.6861450270134843e-45
4648,1.2170917208362753e-27,1.4956974739370313e-18,2.7105795755099527e-45
4649,1.2009715379280032e-27,1.5261675823102076e-18,2.7351816760854686e-45
4650,1.185064864233981e-27,1.56591523654594e-18,2.7600901787857024e-45
4651,1.169368871859222e-27,1.5885227740659046e-18,2.785023620134572e-45
4652,1.1538807703637503e-27,1.595624337185997e-18,2.8097368118175535e-45
4653,1.1385978062664916e-27,1.6445006061347677e-18,2.834869655539031e-45
4654,1.1235172625558076e-27,1.6767655161976872e-18,2.860156191198618e-45
4655,1.1086364582064313e-27,1.7016586305816203e-18,2.885478240349731e-45
4656,1.093952747702849e-27,1.7991542279002886e-18,2.911896500183515e-45
4657,1.0794635205689488e-27,1.8487588783069e-18,2.938683587487118e-45
4658,1.065166200903976e-27,1.8545615595235563e-18,2.965198846941997e-45
4659,1.0510582469245641e-27,1.871667837807235e-18,2.991604250662527e-45
4660,1.0371371505128335e-27,1.9037119509900207e-18,3.018106008272423e-45
4661,1.0234004367705428e-27,2.0517180769488817e-18,3.046289872175353e-45
4662,1.0098456635790768e-27,2.0985197599582442e-18,3.074734831559396e-45
4663,9.964704211652649e-28,2.1306793373080715e-18,3.103233184201992e-45
4664,9.832723316730132e-28,2.175986442985396e-18,3.1319520480104396e-45
4665,9.702490487405408e-28,2.1768345752696597e-18,3.160301580581365e-45
4666,9.573982570832549e-28,2.2533949441276934e-18,3.189259489529931e-45
4667,9.447176720821124e-28,2.292360174793258e-18,3.218327957579631e-45
4668,9.322050393775001e-28,2.373542590667665e-18,3.248027224225409e-45
4669,9.19858134468433e-28,2.422708381011545e-18,3.2779401742281586e-45
4670,9.07674762317062e-28,2.4297297084514645e-18,3.307542475493465e-45
4671,8.956527569584785e-28,2.444101264727708e-18,3.3369254739949425e-45
4672,8.837899811156225e-28,2.516767641751544e-18,3.3667813243775946e-45
4673,8.72084325819329e-28,2.6280855929389885e-18,3.397544788417693e-45
4674,8.605337100333693e-28,2.632781002806e-18,3.427955030229679e-45
4675,8.49136080284522e-28,2.7125866967214007e-18,3.458872089060558e-45
4676,8.378894102974856e-28,2.9566715846321294e-18,3.492124798632963e-45
4677,8.267917006346296e-28,2.992109023957608e-18,3.5253303558604564e-45
4678,8.158409783405687e-28,3.06673136842141e-18,3.558913279426525e-45
4679,8.0503529659139275e-28,3.1652269411838897e-18,3.593115714416876e-45
4680,7.943727343485419e-28,3.2137465248856624e-18,3.627382486771215e-45
4681,7.838513960173183e-28,3.286843644792324e-18,3.661964480799907e-45
4682,7.734694111098636e-28,3.30528612710532e-18,3.696279911486334e-45
4683,7.632249339126337e-28,3.359078687511269e-18,3.730691916504244e-45
4684,7.531161431582456e-28,3.4117624607798207e-18,3.765180709323944e-45
4685,7.431412417017242e-28,3.430970038721028e-18,3.799404297360463e-45
4686,7.332984562009889e-28,3.507315659624088e-18,3.8339260530815135e-45
4687,7.235860368015721e-28,3.669713245741082e-18,3.869567847199746e-45
4688,7.1400225682556125e-28,3.69757876259011e-18,3.90500462850438e-45
4689,7.045454124646082e-28,4.034438473185524e-18,3.9431576852291366e-45
4690,6.952138224770354e-28,4.15871084568074e-18,3.981965069717901e-45
4691,6.860058278889246e-28,4.233721854727114e-18,4.020949157643795e-45
4692,6.769197916992136e-28,4.353254187272677e-18,4.060502982732365e-45
4693,6.679540985886542e-28,4.662159407815341e-18,4.102302473215345e-45
4694,6.591071546326256e-28,4.731857369149922e-18,4.144164950168135e-45
4695,6.503773870177955e-28,4.85460997177989e-18,4.1865445670824106e-45
4696,6.417632437624846e-28,5.06532252450267e-18,4.23017798094283e-45
4697,6.332631934407645e-28,5.102517924188314e-18,4.273549640065909e-45
4698,6.248757249101817e-28,5.161325573493514e-18,4.316840095889678e-45
4699,6.165993470431338e-28,5.20357530021042e-18,4.359906851333857e-45
4700,6.0843258846176175e-28,5.3212865133561724e-18,4.403364513630748e-45
4701,6.003739972763554e-28,5.474384431709118e-18,4.4474803397576446e-45
4702,5.924221408272617e-28,5.499493600078946e-18,4.491211523408182e-45
4703,5.845756054301729e-28,5.6014039386891755e-18,4.535163137686499e-45
4704,5.768329961247885e-28,6.189425505830402e-18,4.583085441202925e-45
4705,5.691929364268439e-28,6.427530834620815e-18,4.6321921604898075e-45
4706,5.6165406808338205e-28,6.627735129343413e-18,4.6821577830452645e-45
4707,5.542150508312902e-28,6.6448392059920385e-18,4.7315888565360156e-45
4708,5.468745621590118e-28,6.788083064112963e-18,4.7814167033746216e-45
4709,5.396312970714539e-28,6.809870923137633e-18,4.8307424036829603e-45
4710,5.32483967857972e-28,7.040221392673684e-18,4.881061183712197e-45
4711,5.254313038634297e-28,7.248728878225379e-18,4.9321840328778564e-45
4712,5.184720512623233e-28,7.478797037437475e-18,4.984230870613789e-45
4713,5.116049728358615e-28,7.495192185293297e-18,5.035700943171602e-45
4714,5.04828847752019e-28,7.506966444843071e-18,5.086569086802067e-45
4715,4.981424713484826e-28,7.511697782900187e-18,5.1367951256081476e-45
4716,4.915446549185073e-28,7.531756879067797e-18,5.1864882748914407e-45
4717,4.850342254995763e-28,8.002839673552832e-18,5.238590197737127e-45
4718,4.786100256648613e-28,8.250425939401922e-18,5.291592582693361e-45
4719,4.722709133174753e-28,8.261845523183057e-18,5.3439653496615666e-45
4720,4.6601576148741975e-28,8.359228401051049e-18,5.3962535924922534e-45
4721,4.598434581312214e-28,8.81658781573181e-18,5.450672247057512e-45
4722,4.537529059342529e-28,9.045802982360443e-18,5.5057661822850714e-45
4723,4.477430221156381e-28,9.09467798183597e-18,5.5604241403236205e-45
4724,4.418127382357614e-28,9.410266696671402e-18,5.61622969322023e-45
4725,4.359610000063081e-28,9.834467471578013e-18,5.673778422489979e-45
4726,4.301867671028505e-28,9.851636296428988e-18,5.730664064945717e-45
4727,4.244890129798898e-28,9.909974335064572e-18,5.787128662071766e-45
4728,4.1886672468834705e-28,1.0212792511036754e-17,5.844547925830523e-45
4729,4.133189026954991e-28,1.0584305406286059e-17,5.903267768142535e-45
4730,4.07844560707269e-28,1.0602173908903599e-17,5.961307693938564e-45
4731,4.0244272549288793e-28,1.0724476746759346e-17,6.01923955008502e-45
4732,3.9711243671186265e-28,1.0791452188420711e-17,6.076761106615929e-45
4733,3.9185274674326297e-28,1.1137356430540427e-17,6.135340148510362e-45
4734,3.8666272051724448e-28,1.165241537042636e-17,6.195816489879336e-45
4735,3.815414353488033e-28,1.1763577295816573e-17,6.256061123812213e-45
4736,3.764879807737573e-28,1.1776240435419635e-17,6.315571819917426e-45
4737,3.7150145838687515e-28,1.1786794678926535e-17,6.374346935453477e-45
4738,3.6658098168214938e-28,1.1894267363949734e-17,6.432872400937571e-45
4739,3.617256758952092e-28,1.2412901475735387e-17,6.493140833305427e-45
4740,3.5693467784779365e-28,1.2434320791291452e-17,6.552713639937443e-45
4741,3.5220713579430068e-28,1.2455712751473837e-17,6.611598545776264e-45
4742,3.475422092703534e-28,1.272360699569073e-17,6.670953237530743e-45
4743,3.4293906894339714e-28,1.3221282240037957e-17,6.731812654983933e-45
4744,3.383968964652526e-28,1.3394489619224444e-17,6.792652737091168e-45
4745,3.339148843266225e-28,1.421172383349216e-17,6.856349855823738e-45
4746,3.294922357135467e-28,1.464547527006523e-17,6.921121646714728e-45
4747,3.2512816436573477e-28,1.4882597646028272e-17,6.986070364682774e-45
4748,3.2082189443678874e-28,1.492936082253684e-17,7.050360222251249e-45
4749,3.165726603562639e-28,1.527591583132164e-17,7.11527116441293e-45
4750,3.1237970669357894e-28,1.5716763401029965e-17,7.181170825080831e-45
4751,3.0824228802370838e-28,1.609427413592415e-17,7.247759575368819e-45
4752,3.0415966879465396e-28,1.6417735642452862e-17,7.31478693860023e-45
4753,3.001311231966912e-28,1.6752156746550975e-17,7.38227376591793e-45
4754,2.961559350333279e-28,1.734461996135902e-17,7.45122189388636e-45
4755,2.922333975939722e-28,1.8038203491423003e-17,7.521977422420183e-45
4756,2.88362813528306e-28,1.82986890163816e-17,7.592804036549571e-45
4757,2.845434947223012e-28,1.836009643247286e-17,7.662927098134176e-45
4758,2.807747621758907e-28,1.8772260308433075e-17,7.733674726528258e-45
4759,2.770559458822473e-28,1.9463402825770622e-17,7.806055546086478e-45
4760,2.7338638470868205e-28,2.04926420891143e-17,7.881254549840461e-45
4761,2.6976542627910116e-28,2.085953484584606e-17,7.956786058377664e-45
4762,2.6619242685802105e-28,2.0873069419264427e-17,8.031365523328861e-45
4763,2.626667512361361e-28,2.4559906515676043e-17,8.117955787006953e-45
4764,2.5918777261738337e-28,2.4675514947533038e-17,8.203801375916134e-45
4765,2.5575487250751407e-28,2.6410052305623163e-17,8.294464447377762e-45
4766,2.523674406041302e-28,2.6729692408113693e-17,8.385009460208644e-45
4767,2.4902487468819586e-28,2.7063487901716954e-17,8.475470952435225e-45
4768,2.457265805169686e-28,2.7189606095254984e-17,8.565150271737169e-45
4769,2.4247197171834974e-28,2.771247645708283e-17,8.655343541445909e-45
4770,2.3926046968664948e-28,2.811497103039538e-17,8.745634828031218e-45
4771,2.3609150347971495e-28,2.8653460824586475e-17,8.836436677096055e-45
4772,2.329645097174314e-28,2.896766127086731e-17,8.927018373198e-45
4773,2.2987893248155756e-28,2.956869282682867e-17,9.018254858679009e-45
4774,2.268342232169043e-28,3.161362926552581e-17,9.114509168593069e-45
4775,2.238298406338071e-28,3.215813520152906e-17,9.211124509897428e-45
4776,2.2086525061189064e-28,3.2547453735016305e-17,9.307614366479045e-45
4777,2.1793992610512257e-28,3.28950127189679e-17,9.403842953336289e-45
4778,2.1505334704810956e-28,3.335680603544183e-17,9.500130011047041e-45
4779,2.122050002636359e-28,3.3599935007317436e-17,9.595834277883657e-45
4780,2.0939437937143963e-28,3.428320484577454e-17,9.692191369674636e-45
4781,2.066209846981818e-28,3.446568610292681e-17,9.78777831992267e-45
4782,2.038843231886175e-28,3.5018065524530444e-17,9.883610911983051e-45
4783,2.0118390831793446e-28,3.6278798366665685e-17,9.981578718582908e-45
4784,1.9851926000526703e-28,3.6323637744683467e-17,1.0078368438609222e-44
4785,1.95889904528343e-28,3.668302630694637e-17,1.0174821154739539e-44
4786,1.9329537443926083e-28,3.6723027862753915e-17,1.0270100155491657e-44
4787,1.907352084813949e-28,3.6987177015427343e-17,1.0364793466964116e-44
4788,1.8820895150738765e-28,3.7166974708145566e-17,1.045868679602332e-44
4789,1.8571615439823587e-28,3.818441913626842e-17,1.055387280566085e-44
4790,1.83256373983441e-28,3.9095846422644525e-17,1.0650040002991099e-44
4791,1.8082917296222992e-28,3.986356871374427e-17,1.0746796897682217e-44
4792,1.7843411982580746e-28,4.0753327108722355e-17,1.0844403281593614e-44
4793,1.7607078878063883e-28,4.1179998313447954e-17,1.0941725250047777e-44
4794,1.7373875967275949e-28,4.267052310162672e-17,1.1041234151969209e-44
4795,1.7143761791307613e-28,4.403890498855796e-17,1.1142573915289107e-44
4796,1.6916695440365728e-28,4.436120064558776e-17,1.124330327482905e-44
4797,1.66926365465011e-28,4.4522768921966834e-17,1.1343060498393513e-44
4798,1.6471545276431366e-28,4.525924554688117e-17,1.1443124739197093e-44
4799,1.6253382324459666e-28,4.628822367484578e-17,1.15441084943814e-44
4800,1.603810890548638e-28,4.666659752204696e-17,1.1644569274385614e-44
4801,1.5825686748114606e-28,4.7583155400205716e-17,1.1745646439632295e-44
4802,1.5616078087845787e-28,4.8110256402967e-17,1.1846489703530448e-44
4803,1.5409245660366042e-28,5.072979222923721e-17,1.195141536425361e-44
4804,1.5205152694921506e-28,5.1601963232236316e-17,1.205673134124188e-44
4805,1.5003762907780357e-28,5.2747168321133056e-17,1.2162958751246795e-44
4806,1.4805040495783577e-28,5.304306211539763e-17,1.2268367203679464e-44
4807,1.4608950129978977e-28,5.3153361875423794e-17,1.2372595825418425e-44
4808,1.441545694934063e-28,5.557707511737636e-17,1.24801336757688e-44
4809,1.4224526554571248e-28,5.597356559790726e-17,1.2587004225531384e-44
4810,1.4036125001986674e-28,5.664949819708075e-17,1.2693732759666054e-44
4811,1.3850218797481554e-28,5.770533907904514e-17,1.2801010565344715e-44
4812,1.3666774890573946e-28,6.112040344272991e-17,1.291313222133775e-44
4813,1.3485760668530786e-28,6.402652293462358e-17,1.3029029333729145e-44
4814,1.3307143950569184e-28,6.767414254409255e-17,1.314990666605006e-44
4815,1.3130892982135513e-28,6.849854972247594e-17,1.3270636023298943e-44
4816,1.2956976429260072e-28,6.875934942236411e-17,1.3390219913593898e-44
4817,1.2785363372986516e-28,6.932047961716428e-17,1.3509182907288401e-44
4818,1.2616023303875255e-28,7.025888388526629e-17,1.3628159349816513e-44
4819,1.2448926116578755e-28,7.199305268339175e-17,1.3748457715899349e-44
4820,1.2284042104490467e-28,7.210955243062196e-17,1.3867354839045866e-44
4821,1.2121341954462872e-28,7.229107399759122e-17,1.3984972524896506e-44
4822,1.1960796741596335e-28,7.266301511233019e-17,1.410162951718384e-44
4823,1.1802377924096848e-28,7.502460643425713e-17,1.4220482611530634e-44
4824,1.1646057338202e-28,7.60450699560339e-17,1.4339356710430052e-44
4825,1.149180719317337e-28,7.74765554165198e-17,1.445886440952322e-44
4826,1.133960006635686e-28,7.751160803666709e-17,1.4576842601065105e-44
4827,1.1189408898306827e-28,7.946042507322658e-17,1.4696185141620105e-44
4828,1.1041206987975606e-28,8.014060377461346e-17,1.4814955047365056e-44
4829,1.0894967987966587e-28,8.255208487945251e-17,1.4935678390779365e-44
4830,1.0750665899850164e-28,8.368198298164859e-17,1.5056433239599113e-44
4831,1.060827506954188e-28,8.382295540885234e-17,1.517578944179472e-44
4832,1.0467770182741017e-28,8.393311653834609e-17,1.5293719572175358e-44
4833,1.0329126260431128e-28,8.427006508260535e-17,1.5410554895738977e-44
4834,1.019231865443865e-28,8.444865894823705e-17,1.5526087084338813e-44
4835,1.0057323043051089e-28,8.494802584388348e-17,1.5640763191188428e-44
4836,9.924115426693095e-29,8.748009543687906e-17,1.5757293341107594e-44
4837,9.792672123659812e-29,8.82585780920637e-17,1.5873303331362013e-44
4838,9.66296976590687e-29,9.122740605729264e-17,1.5991627427935172e-44
4839,9.534985294895453e-29,9.618501228418791e-17,1.6114729307099356e-44
4840,9.408695957493776e-29,9.628514636396424e-17,1.6236327180458642e-44
4841,9.284079301931459e-29,1.0043638550684452e-16,1.6361487645044947e-44
4842,9.161113173808194e-29,1.0204494781171379e-16,1.6486968366314419e-44
4843,9.039775712155118e-29,1.025336472709289e-16,1.6611380091253282e-44
4844,8.920045345548363e-29,1.0311963067177376e-16,1.673484560310013e-44
4845,8.801900788274205e-29,1.0336057342215449e-16,1.6856960494965766e-44
4846,8.685321036544379e-29,1.0577194812585221e-16,1.6980269169490683e-44
4847,8.570285364762772e-29,1.0980703981429277e-16,1.7106586435404553e-44
4848,8.456773321840312e-29,1.1039736835006564e-16,1.7231900743551346e-44
4849,8.344764727559296e-29,1.1089163396604843e-16,1.7356108903931966e-44
4850,8.234239668985735e-29,1.1577207152457298e-16,1.7484066053796325e-44
4851,8.125178496929232e-29,1.1586811193752484e-16,1.7610433174715132e-44
4852,8.017561822449849e-29,1.16300559615092e-16,1.7735591969373805e-44
4853,7.911370513410679e-29,1.1658419404407746e-16,1.7859394251161976e-44
4854,7.806585691077215e-29,1.1742827296761634e-16,1.7982441258360347e-44
4855,7.70318872676062e-29,1.179962617874594e-16,1.8104445811055643e-44
4856,7.601161238506026e-29,1.1815290187255473e-16,1.8224994249136126e-44
4857,7.500485087824583e-29,1.1929445887715994e-16,1.834509531830991e-44
4858,7.401142376468895e-29,1.212116640038335e-16,1.8465510271810664e-44
4859,7.303115443250641e-29,1.2139844395073273e-16,1.8584513443390247e-44
4860,7.206386860901402e-29,1.2242848672893777e-16,1.8702936782994776e-44
4861,7.110939432973997e-29,1.2750803929231937e-16,1.882463992689996e-44
4862,7.01675619078541e-29,1.2829834883596926e-16,1.89454754715081e-44
4863,6.923820390400085e-29,1.2915816816058223e-16,1.906550964885116e-44
4864,6.832115509653183e-29,1.4579063518396264e-16,1.9199206776986765e-44
4865,6.74162524521336e-29,1.4667642634582444e-16,1.9331934663057985e-44
4866,6.65233350968397e-29,1.4815838144754297e-16,1.9464227853184748e-44
4867,6.564224428743623e-29,1.490258888853606e-16,1.9595533194244823e-44
4868,6.477282338323647e-29,1.5378126552976563e-16,1.9729233841170696e-44
4869,6.391491781823428e-29,1.5448043738626558e-16,1.9861763468088344e-44
4870,6.306837507362525e-29,1.5492333759948996e-16,1.9992912695503809e-44
4871,6.223304465069187e-29,1.5727269372597652e-16,2.0124287361269802e-44
4872,6.140877804404863e-29,1.5927776351965112e-16,2.025557470291987e-44
4873,6.059542871523725e-29,1.6758294166150189e-16,2.0391878176040488e-44
4874,5.97928520666802e-29,1.6889322665698535e-16,2.0527427935854839e-44
4875,5.900090541597061e-29,1.6967327448532358e-16,2.0661800117298418e-44
4876,5.821944797050702e-29,1.7294144299212125e-16,2.079694649555383e-44
4877,5.744834080246314e-29,1.7440139238014847e-16,2.0931428659334995e-44
4878,5.668744682408932e-29,1.7760674964444193e-16,2.1066568565657997e-44
4879,5.593663076334174e-29,1.8013911170285647e-16,2.1201819903893305e-44
4880,5.519575913983052e-29,1.8290383188065978e-16,2.1337328162765152e-44
4881,5.446470024109436e-29,1.832435108170721e-16,2.1471289961983627e-44
4882,5.374332409918137e-29,1.842549872611333e-16,2.1604207113822293e-44
4883,5.303150246754416e-29,1.873596941583869e-16,2.1737573797021165e-44
4884,5.232910879824012e-29,1.9187927683541161e-16,2.1872348586340994e-44
4885,5.163601821943367e-29,1.9192430753449436e-16,2.2005369515737103e-44
4886,5.09521075131972e-29,1.943809992107022e-16,2.2138308762186245e-44
4887,5.027725509360243e-29,1.9893412531329666e-16,2.227255993799389e-44
4888,4.9611340985109217e-29,1.9913371569172673e-16,2.2405165888749687e-44
4889,4.8954246801233305e-29,2.0414475284467353e-16,2.253930821851271e-44
4890,4.830585572350026e-29,2.0615301082979907e-16,2.267297599138255e-44
4891,4.766605248067745e-29,2.0838586853471254e-16,2.280630194582951e-44
4892,4.7034723328281065e-29,2.0953077880522528e-16,2.293858483481357e-44
4893,4.6411756028355226e-29,2.1676698046789768e-16,2.3073623575348733e-44
4894,4.5797039829515657e-29,2.1721359570824423e-16,2.320714829123878e-44
4895,4.5190465447264216e-29,2.2063644916758403e-16,2.334098070909476e-44
4896,4.4591925044557596e-29,2.2838309342518944e-16,2.3477677217804854e-44
4897,4.4001312212636683e-29,2.2929813127559927e-16,2.3613103636471707e-44
4898,4.341852195210916e-29,2.3280537495443774e-16,2.374878034159361e-44
4899,4.2843450654283267e-29,2.3326990095316837e-16,2.3882927166278464e-44
4900,4.22759960827458e-29,2.3580740738110136e-16,2.401673715759927e-44
4901,4.1716057355190124e-29,2.3951167854564865e-16,2.4150849022118847e-44
4902,4.11635349254788e-29,2.425106091504437e-16,2.4284841573117425e-44
4903,4.06183305659469e-29,2.465309130273528e-16,2.4419251301659316e-44
4904,4.008034734993901e-29,2.5084929682709356e-16,2.4554204013099674e-44
4905,3.95494896345776e-29,2.5114880304395126e-16,2.468752829289934e-44
4906,3.90256630437601e-29,2.5139217519334003e-16,2.4819214198989064e-44
4907,3.8508774451378514e-29,2.550202930752182e-16,2.495103127930545e-44
4908,3.7998731964766735e-29,2.567164605341661e-16,2.508196758119047e-44
4909,3.749544490836158e-29,2.617109972352709e-16,2.5213683338617865e-44
4910,3.6998823807583046e-29,2.6806706437952636e-16,2.5346811099212494e-44
4911,3.6508780372927455e-29,2.712309978381618e-16,2.547972606897817e-44
4912,3.602522748427133e-29,2.7774430757604354e-16,2.5614030131214363e-44
4913,3.554807917538362e-29,2.7780441432985496e-16,2.574658403771339e-44
4914,3.5077250618640597e-29,2.78187787213617e-16,2.5877562792070713e-44
4915,3.4612658109948184e-29,2.8461607621016094e-16,2.6009793288931384e-44
4916,3.4154219053858996e-29,3.073332081238288e-16,2.6150686834768533e-44
4917,3.370185194888897e-29,3.0738066682847186e-16,2.6289735737145484e-44
4918,3.325547637302802e-29,3.220901925375384e-16,2.643350893231859e-44
4919,3.281501296944257e-29,3.2436391358195675e-16,2.6576379365695197e-44
4920,3.2380383432367923e-29,3.2825142599818204e-16,2.671904713102088e-44
4921,3.195151049318518e-29,3.2886062143026997e-16,2.6860086552315145e-44
4922,3.152831790668719e-29,3.3143142940996693e-16,2.700034587617388e-44
4923,3.111073043752176e-29,3.3259389066494825e-16,2.7139232917236534e-44
4924,3.0698673846816767e-29,3.383501788344134e-16,2.727865233839147e-44
4925,3.0292074878981946e-29,3.4078167347764787e-16,2.7417213815084505e-44
4926,2.9890861248685456e-29,3.5124963675269013e-16,2.755813995698638e-44
4927,2.949496162800341e-29,3.5336442491115457e-16,2.7698036798771235e-44
4928,2.9104305633737475e-29,3.6012169515780715e-16,2.7838720497649843e-44
4929,2.8718823814904637e-29,3.60865379630589e-16,2.7977827540543644e-44
4930,2.8338447640388514e-29,3.6573899187137497e-16,2.8116945939143063e-44
4931,2.7963109486756253e-29,3.691461235653304e-16,2.825550056358258e-44
4932,2.759274262623644e-29,3.716278480353847e-16,2.839313920294118e-44
4933,2.7227281214856573e-29,3.754741755377316e-16,2.8530360525069893e-44
4934,2.6866660280735764e-29,3.775739408348603e-16,2.8666521592313433e-44
4935,2.651081571253632e-29,3.8887273402777286e-16,2.8804899842438084e-44
4936,2.615968424806447e-29,3.9167469509215686e-16,2.8942429151722357e-44
4937,2.581320346302395e-29,3.9195621926454597e-16,2.907823445027465e-44
4938,2.547131175991821e-29,3.9424070021900533e-16,2.921302207470613e-44
4939,2.5133948357099567e-29,3.952156740905071e-16,2.9346353379364565e-44
4940,2.4801053277963786e-29,3.9809340591570156e-16,2.9478876715230304e-44
4941,2.4472567340285987e-29,4.063537375884054e-16,2.961235820375091e-44
4942,2.4148432145701342e-29,4.1052529857376615e-16,2.9745423901286036e-44
4943,2.3828590069321565e-29,4.1979503603039206e-16,2.987969201726392e-44
4944,2.3512984249490688e-29,4.516865220616924e-16,3.002224691236576e-44
4945,2.320155857767618e-29,4.633160565258958e-16,3.016653542653179e-44
4946,2.289425768849394e-29,4.745726253463432e-16,3.031237201628227e-44
4947,2.2591026949865746e-29,4.814090020864509e-16,3.0458350023567206e-44
4948,2.2291812453305448e-29,4.825833581444969e-16,3.060274596012279e-44
4949,2.1996561004337032e-29,4.910273197921255e-16,3.0747722487774494e-44
4950,2.1705220113036395e-29,5.043919443555419e-16,3.08946724864079e-44
4951,2.1417737984699982e-29,5.148858079740953e-16,3.1042692954334504e-44
4952,2.1134063510636708e-29,5.282110171275047e-16,3.1192532936812574e-44
4953,2.085414625908183e-29,5.376674786026109e-16,3.1343035339673456e-44
4954,2.0577936466231468e-29,5.465376257524022e-16,3.149399438406746e-44
4955,2.0305385027394382e-29,5.49921422225066e-16,3.1643876258942234e-44
4956,2.0036443488263913e-29,5.553625731552714e-16,3.1793236324142073e-44
4957,1.977106403630255e-29,5.667524204010525e-16,3.194364077086588e-44
4958,1.9509199492242108e-29,5.846766164873564e-16,3.209674684646514e-44
4959,1.9250803301696183e-29,6.091307419548289e-16,3.225414390973068e-44
4960,1.8995829526883673e-29,6.163461909637667e-16,3.241129602463202e-44
4961,1.8744232838462234e-29,6.249243605447835e-16,3.2568524924258975e-44
4962,1.8495968507468513e-29,6.256584392792308e-16,3.272385359811721e-44
4963,1.825099239736785e-29,6.4155614541507e-16,3.288101952703217e-44
4964,1.8009260956206576e-29,6.946715667152937e-16,3.3048943485988017e-44
4965,1.7770731208869596e-29,7.02269517822619e-16,3.3216455656636707e-44
4966,1.7535360749440264e-29,7.265681952547629e-16,3.338746834656056e-44
4967,1.730310773366144e-29,7.533045345835809e-16,3.356242559651746e-44
4968,1.707393087149664e-29,7.722337001725637e-16,3.3739403692780916e-44
4969,1.6847789419788506e-29,7.837758902732695e-16,3.391664791042115e-44
4970,1.6624643175016932e-29,7.884444503951192e-16,3.4092586328737806e-44
4971,1.6404452466150692e-29,7.986895820558024e-16,3.4268450353974755e-44
4972,1.6187178147594943e-29,8.06164869272796e-16,3.444360927658959e-44
4973,1.5972781592231917e-29,8.080819696080119e-16,3.4616859267324516e-44
4974,1.5761224684553994e-29,8.084283831379773e-16,3.4787887876140247e-44
4975,1.5552469813886612e-29,8.155077513587782e-16,3.4958129091303396e-44
4976,1.5346479867703177e-29,8.509696100326344e-16,3.513342027547776e-44
4977,1.514321822502629e-29,8.566057876577332e-16,3.53075353750036e-44
4978,1.494264874991746e-29,8.601440061916573e-16,3.5480054006843467e-44
4979,1.4744735785052864e-29,8.795017472614904e-16,3.5654118805247584e-44
4980,1.4549444145384158e-29,9.030411630345207e-16,3.583047519466493e-44
4981,1.4356739111883474e-29,9.218768604362443e-16,3.6008125505938805e-44
4982,1.4166586425370244e-29,9.234018660664873e-16,3.618371285150268e-44
4983,1.3978952280421807e-29,9.283475967421526e-16,3.635790255903233e-44
4984,1.379380331936266e-29,9.400255932736414e-16,3.6531947320995953e-44
4985,1.3611106626334306e-29,9.47698995515777e-16,3.670508879346298e-44
4986,1.3430829721443474e-29,1.0622969560220526e-15,3.689659640076959e-44
4987,1.3252940554987822e-29,1.082769578845612e-15,3.708920937861397e-44
4988,1.3077407501758314e-29,1.0957711523924836e-15,3.7281553434634243e-44
4989,1.290419935541613e-29,1.1151173056911186e-15,3.747470083610709e-44
4990,1.273328532294593e-29,1.1155537036925383e-15,3.766536461804225e-44
4991,1.2564635019180675e-29,1.1597904793682531e-15,3.7860963634691755e-44
4992,1.2398218461399958e-29,1.166197836071377e-15,3.8055038264262073e-44
4993,1.2234006063999651e-29,1.187064177197316e-15,3.8249968918667666e-44
4994,1.2071968633232165e-29,1.2129922667120585e-15,3.8446519069106516e-44
4995,1.191207736201654e-29,1.2174237218598184e-15,3.864117449560274e-44
4996,1.175430382481644e-29,1.2657863628625925e-15,3.884088208741122e-44
4997,1.1598619972587662e-29,1.2662152990120154e-15,3.9038011362912423e-44
4998,1.1444998127790886e-29,1.2740735935421087e-15,3.923373689875922e-44
4999,1.1293410979471324e-29,1.3135153043618056e-15,3.9432848938021526e-44
5000,1.1143831578403364e-29,1.3168688637457043e-15,3.9629825393945653e-44
5001,1.0996233332299525e-29,1.3184907378082493e-15,3.9824432314350307e-44
5002,1.0850590001083029e-29,1.3455265285790862e-15,4.0020399280212733e-44
5003,1.0706875692222203e-29,1.3480704065948174e-15,4.0214136286992243e-44
5004,1.0565064856128227e-29,1.3486355184693986e-15,4.040538741745242e-44
5005,1.0425132281612304e-29,1.361480504685683e-15,4.059590288962633e-44
5006,1.0287053091403747e-29,1.3945305470360412e-15,4.078845853828216e-44
5007,1.0150802737727297e-29,1.4067275286924375e-15,4.0980125661592903e-44
5008,1.0016356997939145e-29,1.4287060222453737e-15,4.1172209099693473e-44
5009,9.883691970220058e-30,1.4405129519771584e-15,4.136331479039723e-44
5010,9.752784069326954e-30,1.4462019254609689e-15,4.1552634048726887e-44
5011,9.62361002239934e-30,1.4534236153950211e-15,4.174037865902763e-44
5012,9.49614686482199e-30,1.4634537777224626e-15,4.1926915098504635e-44
5013,9.370371936142297e-30,1.469194441038847e-15,4.2111702924542894e-44
5014,9.24626287604168e-30,1.5267575853692467e-15,4.230118737346456e-44
5015,9.123797620360485e-30,1.5385531928280793e-15,4.248960668360337e-44
5016,9.002954397174899e-30,1.5682806489553052e-15,4.267912277208271e-44
5017,8.883711722927103e-30,1.6022306071583034e-15,4.287017703444194e-44
5018,8.766048398605397e-30,1.639480337630284e-15,4.3063083741127593e-44
5019,8.649943505975559e-30,1.6650887050443303e-15,4.325640868644592e-44
5020,8.535376403861997e-30,1.6889985319157537e-15,4.344991235372157e-44
5021,8.422326724478147e-30,1.7126716747035202e-15,4.3643529337436603e-44
5022,8.310774369805604e-30,1.7232001362436266e-15,4.3835756370206625e-44
5023,8.200699508020607e-30,1.7774707356619473e-15,4.403141121576149e-44
5024,8.092082569969047e-30,1.7815194658885732e-15,4.4224914405225555e-44
5025,7.984904245686979e-30,1.7837283270631618e-15,4.441609141829464e-44
5026,7.879145480967802e-30,1.7847188006110226e-15,4.4604841074018356e-44
5027,7.774787473974803e-30,1.8078319526955796e-15,4.4793502813579926e-44
5028,7.671811671898549e-30,1.814492296635825e-15,4.498035161318719e-44
5029,7.570199767658677e-30,1.863072672454183e-15,4.516966197517252e-44
5030,7.469933696648817e-30,1.8811307619438453e-15,4.535827556572842e-44
5031,7.370995633525712e-30,1.8966735096536525e-15,4.554592876915045e-44
5032,7.273367989039782e-30,1.8992798080878816e-15,4.573135098303376e-44
5033,7.177033406908213e-30,1.9031789199007586e-15,4.591469292900401e-44
5034,7.081974760729348e-30,1.9221294711124134e-15,4.609740795430845e-44
5035,6.98817515093795e-30,1.93777116183462e-15,4.627917013315356e-44
5036,6.895617901800884e-30,1.9631425205029384e-15,4.646087320451533e-44
5037,6.804286558452113e-30,1.9761472209005357e-15,4.664135738485512e-44
5038,6.714164883967928e-30,1.9777556817103195e-15,4.681959603861146e-44
5039,6.62523685647995e-30,1.9792999796194303e-15,4.699561128160602e-44
5040,6.537486666326857e-30,1.9913083745138916e-15,4.717034897012305e-44
5041,6.450898713243728e-30,2.0446993531259146e-15,4.734739530178062e-44
5042,6.365457603588632e-30,2.0595280899094207e-15,4.752336366714832e-44
5043,6.2811481476060214e-30,2.072514196432837e-15,4.769809621156581e-44
5044,6.197955356725934e-30,2.1426755386857754e-15,4.787635136957957e-44
5045,6.115864440899862e-30,2.150523542683423e-15,4.805288981670399e-44
5046,6.0348608059710055e-30,2.150596605045356e-15,4.822709595897832e-44
5047,5.95493005107981e-30,2.2334671296493605e-15,4.840561867267587e-44
5048,5.876057966103778e-30,2.2340983800150898e-15,4.858182666994923e-44
5049,5.798230529131266e-30,2.2651335661016414e-15,4.875811620979933e-44
5050,5.721433903968332e-30,2.307596087723847e-15,4.893533180157571e-44
5051,5.645654437679435e-30,2.3166662992808595e-15,4.911088753730469e-44
5052,5.570878658159872e-30,2.337855966193122e-15,4.928570253958124e-44
5053,5.497093271740787e-30,2.4070634460120335e-15,4.946330864608049e-44
5054,5.424285160825815e-30,2.494700178163649e-15,4.964494305335184e-44
5055,5.352441381559037e-30,2.5088807791176083e-15,4.982519053025342e-44
5056,5.2815491615238816e-30,2.55836009997572e-15,5.000655835739006e-44
5057,5.2115958974721456e-30,2.585435062606116e-15,5.018741797901317e-44
5058,5.142569153083834e-30,2.617714828836129e-15,5.036811031138473e-44
5059,5.0744566567559215e-30,2.7562198956078805e-15,5.055584332890324e-44
5060,5.0072462994207806e-30,2.7880139688707166e-15,5.074322674400641e-44
5061,4.940926132393424e-30,2.799218123603088e-15,5.092887135750976e-44
5062,4.875484365247264e-30,2.8218590392203252e-15,5.11135387996737e-44
5063,4.8109093637180756e-30,2.8317300617529297e-15,5.129639777274165e-44
5064,4.747189647635373e-30,2.9197478282352875e-15,5.148244327538988e-44
5065,4.684313888881877e-30,2.956502019696139e-15,5.166833558313453e-44
5066,4.622270909379321e-30,2.956810686672838e-15,5.185178492796071e-44
5067,4.561049679101276e-30,2.9694555731294553e-15,5.20335786514037e-44
5068,4.5006393141122285e-30,2.996062477815888e-15,5.221457187921855e-44
5069,4.441029074632629e-30,2.9997890342806227e-15,5.239339002194029e-44
5070,4.382208363129634e-30,3.0515094153896396e-15,5.257288197691161e-44
5071,4.324166722432819e-30,3.053675205352775e-15,5.275012229598546e-44
5072,4.2668938338754785e-30,3.0696135594408234e-15,5.292592793128943e-44
5073,4.210379515459915e-30,3.0862740735556994e-15,5.310034660700005e-44
5074,4.1546137200473416e-30,3.1139444018283826e-15,5.327399819343854e-44
5075,4.0995865335717014e-30,3.165418585931339e-15,5.344818227224004e-44
5076,4.045288173277136e-30,3.3053133827445597e-15,5.362765536918275e-44
5077,3.9917089859788644e-30,3.3839424895654073e-15,5.380896425763775e-44
5078,3.938839446346804e-30,3.4030449296399064e-15,5.398888167641504e-44
5079,3.886670155212497e-30,3.430070894130852e-15,5.416782604350226e-44
5080,3.835191837897898e-30,3.4626580609458652e-15,5.434607785391559e-44
5081,3.784395342566569e-30,3.471628054426981e-15,5.45224243921744e-44
5082,3.734271638596665e-30,3.5079522978879603e-15,5.469825595469428e-44
5083,3.6848118149755184e-30,3.5094368163040217e-15,5.487183208063824e-44
5084,3.636007078715227e-30,3.600056784668749e-15,5.504753190253607e-44
5085,3.587848753289745e-30,3.6299121353297e-15,5.522234239241518e-44
5086,3.54032827709216e-30,3.656583384828859e-15,5.539610497611842e-44
5087,3.4934372019126576e-30,3.677194120808818e-15,5.55685325620869e-44
5088,3.447167191436595e-30,3.7449234277636175e-15,5.574181020832157e-44
5089,3.401510019762466e-30,3.764406428533215e-15,5.59136823588803e-44
5090,3.356457569939551e-30,3.8627528415969205e-15,5.608770883745467e-44
5091,3.312001832524681e-30,3.876719755931853e-15,5.626005127295541e-44
5092,3.268134904158614e-30,3.897261178857872e-15,5.643101214991222e-44
5093,3.22484898616077e-30,4.155732069735923e-15,5.661089682750382e-44
5094,3.182136383142835e-30,4.2103081968971354e-15,5.679073005010104e-44
5095,3.1399895016406664e-30,4.211661278354163e-15,5.696823843892711e-44
5096,3.0984008487643253e-30,4.342316270220309e-15,5.714882952296859e-44
5097,3.0573630308660312e-30,4.377009552743045e-15,5.732845244393315e-44
5098,3.0168687522255427e-30,4.418998371042383e-15,5.7507396595282e-44
5099,2.976910813753382e-30,4.493880832619065e-15,5.768696280909302e-44
5100,2.9374821117108028e-30,4.505792665438101e-15,5.786462036556422e-44
5101,2.8985756364469303e-30,4.5676606672254386e-15,5.804233194232738e-44
5102,2.86018447115258e-30,4.627974110828105e-15,5.822000526139416e-44
5103,2.8223017906305868e-30,4.6714833987517366e-15,5.839697357455287e-44
5104,2.7849208600824566e-30,4.698859832753426e-15,5.857262132761642e-44
5105,2.7480350339108935e-30,4.752309554969331e-15,5.874791419177448e-44
5106,2.7116377545385805e-30,5.08356322816795e-15,5.893294206279692e-44
5107,2.6757225512422123e-30,5.091860425423915e-15,5.911581726513275e-44
5108,2.640283039002166e-30,5.183394169202184e-15,5.929951422623717e-44
5109,2.6053129173673714e-30,5.246328714076803e-15,5.948297897950456e-44
5110,2.5708059693352124e-30,5.265077269056437e-15,5.966466072721319e-44
5111,2.536756060246303e-30,5.34036352817683e-15,5.984649961984934e-44
5112,2.5031571366937197e-30,5.37165408631533e-15,6.002698141484637e-44
5113,2.470003225447043e-30,5.459253426463051e-15,6.020797701842045e-44
5114,2.4372884323902873e-30,5.547419765274539e-15,6.038945970804036e-44
5115,2.4050069414740792e-30,5.622414662336185e-15,6.057095963588973e-44
5116,2.373153013681679e-30,5.667317252017801e-15,6.075148595041212e-44
5117,2.3417209860086944e-30,5.701499965478338e-15,6.093069565510456e-44
5118,2.3107052704563433e-30,5.714337830480456e-15,6.110792993182478e-44
5119,2.280100353037884e-30,5.725333405003715e-15,6.128315328787807e-44
5120,2.2499007927985368e-30,5.779692662533213e-15,6.145769746460515e-44
5121,2.2201012208480535e-30,6.030580411691909e-15,6.163740617948654e-44
5122,2.190696339406269e-30,6.032416166941501e-15,6.181478866168296e-44
5123,2.16168092086126e-30,6.060702376707509e-15,6.199064247781986e-44
5124,2.1330498068400064e-30,6.235958003557276e-15,6.216918490245145e-44
5125,2.1047979072912136e-30,6.239135187038812e-15,6.234545232302701e-44
5126,2.0769201995805842e-30,6.672091742144016e-15,6.253145494643301e-44
5127,2.0494117275977683e-30,6.676491804796173e-15,6.271511503418875e-44
5128,2.0222676008752962e-30,6.692098176339933e-15,6.289676619512654e-44
5129,1.995482993719148e-30,6.8533662170193114e-15,6.308033091694662e-44
5130,1.9690531443508412e-30,6.880659112008927e-15,6.326218570083169e-44
5131,1.9429733540609052e-30,6.93492106164817e-15,6.344304698779674e-44
5132,1.9172389863734344e-30,7.008182971893764e-15,6.362339814521652e-44
5133,1.8918454662219783e-30,7.060945503768456e-15,6.38027004071548e-44
5134,1.866788279136074e-30,7.212335804943686e-15,6.398342125474564e-44
5135,1.8420629704386892e-30,7.399661743690201e-15,6.41663801756146e-44
5136,1.8176651444542685e-30,7.473574526121683e-15,6.434871914638452e-44
5137,1.7935904637272677e-30,7.825231410380264e-15,6.453710909420431e-44
5138,1.769834648251065e-30,7.975584736464531e-15,6.472657561351859e-44
5139,1.746393474706957e-30,8.032616198287633e-15,6.491486956383586e-44
5140,1.7232627757134906e-30,8.189655777344339e-15,6.510430202648172e-44
5141,1.700438439085479e-30,8.20080168614291e-15,6.529147988478581e-44
5142,1.6779164071029637e-30,8.206116237990599e-15,6.547629829715007e-44
5143,1.6556926757898302e-30,8.303042287958212e-15,6.566082287803924e-44
5144,1.633763294201979e-30,8.30589424177305e-15,6.584296600229541e-44
5145,1.6121243637249507e-30,8.339564746292857e-15,6.602342526404912e-44
5146,1.590772037380733e-30,8.349876705687268e-15,6.620171455640294e-44
5147,1.5697025191439842e-30,8.585125906814196e-15,6.638259902326134e-44
5148,1.5489120632670816e-30,8.750054285326159e-15,6.656451664080091e-44
5149,1.5283969736142233e-30,8.836324764431069e-15,6.674579463554499e-44
5150,1.508153603004328e-30,8.869471328144971e-15,6.692534263075447e-44
5151,1.4881783525626378e-30,9.05368978692601e-15,6.710619235166969e-44
5152,1.4684676710809293e-30,9.081969418288968e-15,6.72852041581002e-44
5153,1.4490180543860952e-30,9.115289566379415e-15,6.74624930462287e-44
5154,1.4298260447172965e-30,9.16545712226604e-15,6.763839658793819e-44
5155,1.4108882301111556e-30,9.178409110020497e-15,6.781221559804308e-44
5156,1.3922012437951984e-30,9.27317122983861e-15,6.79855032219206e-44
5157,1.3737617635893072e-30,9.444012063254946e-15,6.815964589542518e-44
5158,1.355566511315122e-30,9.595218165409815e-15,6.833423331057066e-44
5159,1.337612252213166e-30,9.60050721747266e-15,6.850660330466336e-44
5160,1.3198957943678875e-30,9.613479019164514e-15,6.867692010045286e-44
5161,1.3024139881401192e-30,9.807656231386177e-15,6.884837564623852e-44
5162,1.2851637256071557e-30,1.0131002993589776e-14,6.902313810760018e-44
5163,1.2681419400102247e-30,1.0366281125640343e-14,6.919959072235835e-44
5164,1.2513456052092778e-30,1.0709109789520564e-14,6.937946451580323e-44
5165,1.2347717351450192e-30,1.1164976618293408e-14,6.956451138754531e-44
5166,1.2184173833079726e-30,1.1627891241600541e-14,6.975467801203336e-44
5167,1.202279642214756e-30,1.2217628663789907e-14,6.995184294018266e-44
5168,1.1863556428911165e-30,1.2263512838841127e-14,7.014712711033381e-44
5169,1.1706425543619009e-30,1.2448555473901638e-14,7.034273236455608e-44
5170,1.1551375831477641e-30,1.2633119554078363e-14,7.053860851958682e-44
5171,1.1398379727685425e-30,1.2679585733418424e-14,7.073260124107806e-44
5172,1.1247410032532228e-30,1.316443617851597e-14,7.093134433275149e-44
5173,1.1098439906563192e-30,1.3212786204935349e-14,7.11281753752866e-44
5174,1.0951442865808178e-30,1.3543515823907382e-14,7.132726105003991e-44
5175,1.0806392777072785e-30,1.3893797829438355e-14,7.152879071084307e-44
5176,1.0663263853292545e-30,1.4121262964160158e-14,7.173090682789088e-44
5177,1.0522030648948484e-30,1.4304700718457034e-14,7.193293669985592e-44
5178,1.0382668055543412e-30,1.451796302764118e-14,7.213526279770503e-44
5179,1.0245151297138266e-30,1.4743110388641584e-14,7.233800527265055e-44
5180,1.010945592594685e-30,1.5045498530596294e-14,7.254216572343746e-44
5181,9.975557817990377e-31,1.5199980343043515e-14,7.274569058432838e-44
5182,9.84343316880811e-31,1.6156621534660017e-14,7.295915937955214e-44
5183,9.713058489225545e-31,1.658449500700095e-14,7.317537920180978e-44
5184,9.584410601178487e-31,1.682993362758743e-14,7.339189274352591e-44
5185,9.45746663359246e-31,1.7490646747499407e-14,7.361392595290323e-44
5186,9.332204018316796e-31,1.8427419581792943e-14,7.384475262986297e-44
5187,9.208600486111933e-31,1.854853016451043e-14,7.407401901441716e-44
5188,9.086634062691182e-31,1.8663316797029164e-14,7.430164881430737e-44
5189,8.966283064813596e-31,1.8997524397357403e-14,7.453028591614995e-44
5190,8.84752609642924e-31,1.9025650596668217e-14,7.475622877478998e-44
5191,8.730342044875403e-31,1.9130847458504552e-14,7.498041179627457e-44
5192,8.614710077123174e-31,1.916266027335502e-14,7.520199340775212e-44
5193,8.500609636073861e-31,1.9230772052493648e-14,7.542141736504295e-44
5194,8.388020436903852e-31,1.9242771967421643e-14,7.563807019360527e-44
5195,8.276922463459107e-31,1.9297867180310293e-14,7.58524655871591e-44
5196,8.167295964696187e-31,1.9341061988466788e-14,7.606449487797432e-44
5197,8.059121451171027e-31,1.9692745300352236e-14,7.627752019225836e-44
5198,7.952379691574092e-31,2.0038545605639398e-14,7.64914151540293e-44
5199,7.847051709311545e-31,2.0042631127856343e-14,7.670252014362226e-44
5200,7.74311877913113e-31,2.055782925927716e-14,7.691618368692879e-44
5201,7.640562423793857e-31,2.0626123481222772e-14,7.712771769182587e-44
5202,7.539364410788671e-31,2.206433834778928e-14,7.735100441173291e-44
5203,7.439506749091173e-31,2.2437204555546645e-14,7.757505708992744e-44
5204,7.34097168596517e-31,2.2738353193858127e-14,7.779910959666126e-44
5205,7.243741703806588e-31,2.3787276075202773e-14,7.803039323950058e-44
5206,7.147799517029288e-31,2.498474984623551e-14,7.827010239313374e-44
5207,7.053128068991616e-31,2.5033720671559615e-14,7.850710025170845e-44
5208,6.959710528964682e-31,2.6242959136988774e-14,7.875225552026893e-44
5209,6.867530289139773e-31,2.6354861769996595e-14,7.899519526812e-44
5210,6.77657096167592e-31,2.635696312237757e-14,7.92349364320801e-44
5211,6.686816375786453e-31,2.6536581686182214e-14,7.947311442209663e-44
5212,6.598250574864153e-31,2.68288762433644e-14,7.971072651333051e-44
5213,6.510857813644579e-31,2.7282834714176776e-14,7.994915873928743e-44
5214,6.424622555406488e-31,2.8110496222120024e-14,8.019157032937896e-44
5215,6.339529469210275e-31,2.8209923161301193e-14,8.043161727169428e-44
5216,6.255563427172058e-31,2.8251393560497002e-14,8.066883304162817e-44
5217,6.172709501774326e-31,2.8393603918380513e-14,8.09040851957108e-44
5218,6.090952963212127e-31,2.859276782444028e-14,8.113784976823469e-44
5219,6.0102792767743885e-31,2.8767574511068935e-14,8.136992839680271e-44
5220,5.930674100260019e-31,2.931916152419263e-14,8.160332409964138e-44
5221,5.852123281427807e-31,2.931965351288944e-14,8.183363237877279e-44
5222,5.774612855480941e-31,2.945051239106946e-14,8.206190455475132e-44
5223,5.698129042583997e-31,2.97791696143563e-14,8.22896669984524e-44
5224,5.622658245413241e-31,3.015932145607922e-14,8.251728180169434e-44
5225,5.548187046739294e-31,3.187823067200517e-14,8.275468280666922e-44
5226,5.4747022070418085e-31,3.216686730010888e-14,8.29910605153811e-44
5227,5.402190662155817e-31,3.2310263951709476e-14,8.322534723086237e-44
5228,5.330639520948873e-31,3.2798816606480014e-14,8.3460026506705455e-44
5229,5.260036063029727e-31,3.31200779419939e-14,8.36938657096311e-44
5230,5.1903677364865725e-31,3.322875272654662e-14,8.392536486918858e-44
5231,5.121622155655645e-31,3.390116203985998e-14,8.415842037671593e-44
5232,5.053787098919294e-31,3.454796435164929e-14,8.439277668890789e-44
5233,4.986850506533287e-31,3.558261353017889e-14,8.463095457869773e-44
5234,4.920800478482539e-31,3.57170346402995e-14,8.486686569268586e-44
5235,4.855625272365953e-31,3.59957303644161e-14,8.510146860726765e-44
5236,4.791313301308566e-31,3.6212685405717405e-14,8.533435952483993e-44
5237,4.727853131901693e-31,3.7339310097869075e-14,8.557131541927458e-44
5238,4.6652334821703025e-31,3.7776291799136484e-14,8.580786923533585e-44
5239,4.603443219567294e-31,3.8047658962527616e-14,8.604296671920829e-44
5240,4.542471358994419e-31,3.876091805300518e-14,8.627929924832874e-44
5241,4.48230706084908e-31,3.909630718962147e-14,8.651451943654255e-44
5242,4.4229396290976606e-31,3.9599679368058805e-14,8.674961256276868e-44
5243,4.364358509373711e-31,4.037916641156876e-14,8.698615824095962e-44
5244,4.306553287101659e-31,4.039616737993513e-14,8.721966918439324e-44
5245,4.2495136856453e-31,4.2339382980603346e-14,8.746117133750541e-44
5246,4.193229564480811e-31,4.285942928292996e-14,8.770240186858554e-44
5247,4.1376909173940295e-31,4.355140834582671e-14,8.794428049841066e-44
5248,4.082887870701302e-31,4.3824757726502314e-14,8.818445352280896e-44
5249,4.0288106814944915e-31,4.3907701636591026e-14,8.842189403171276e-44
5250,3.975449735908647e-31,4.497088435449073e-14,8.866186292301149e-44
5251,3.922795547412902e-31,4.681562145725088e-14,8.890836677868704e-44
5252,3.870838755123957e-31,4.697154539880572e-14,8.915241586146469e-44
5253,3.8195701221418965e-31,4.7197475290107054e-14,8.939439086529753e-44
5254,3.768980533908103e-31,4.778189065326483e-14,8.963611748261562e-44
5255,3.7190609965846534e-31,5.017193475451022e-14,8.988657345957236e-44
5256,3.6698026354557123e-31,5.0578366930930376e-14,9.013571420593194e-44
5257,3.6211966933495673e-31,5.178594375276034e-14,9.038742466432782e-44
5258,3.5732345290818268e-31,5.181589503389929e-14,9.063594491125741e-44
5259,3.5259076159191895e-31,5.280460425920118e-14,9.088585280329367e-44
5260,3.4792075400635564e-31,5.3342806870262966e-14,9.113496411601305e-44
5261,3.4331259991562716e-31,5.3798063066883645e-14,9.138287388040798e-44
5262,3.3876548008019303e-31,5.38023994220902e-14,9.162751983801413e-44
5263,3.342785861112225e-31,5.620693598386573e-14,9.187971440009445e-44
5264,3.2985112032685925e-31,5.643392891907683e-14,9.212957368946084e-44
5265,3.2548229561041414e-31,5.661096866961348e-14,9.237689708860655e-44
5266,3.21171335270431e-31,5.711725177520508e-14,9.262312729573829e-44
5267,3.1691747290260663e-31,5.82814196088771e-14,9.287104843335587e-44
5268,3.1271995225354296e-31,5.83015627982507e-14,9.311577044707422e-44
5269,3.0857802708628266e-31,5.876526869121105e-14,9.335917179242715e-44
5270,3.0449096104766943e-31,5.89607407502036e-14,9.36001482335588e-44
5271,3.0045802753742095e-31,5.93251000449599e-14,9.383940241752896e-44
5272,2.9647850957895804e-31,5.939971288472107e-14,9.407578464168125e-44
5273,2.9255169969194036e-31,5.945549344363341e-14,9.430925506117322e-44
5274,2.8867689976649425e-31,6.429842391036976e-14,9.455839858934741e-44
5275,2.8485342093908605e-31,6.478445389364461e-14,9.480610057715496e-44
5276,2.810805834700805e-31,6.5719555250448e-14,9.505404977765024e-44
5277,2.773577166228797e-31,6.614286655298914e-14,9.530029086271918e-44
5278,2.736841585446834e-31,6.614459676425909e-14,9.554327688049157e-44
5279,2.7005925614882475e-31,6.690890954336472e-14,9.57858151469996e-44
5280,2.664823649986639e-31,6.708105491898331e-14,9.602575677868276e-44
5281,2.6295284919302397e-31,6.730790508199006e-14,9.626332109351416e-44
5282,2.59470081253125e-31,6.869602437733089e-14,9.650257340481404e-44
5283,2.5603344201105304e-31,6.968859641821021e-14,9.674206796998977e-44
5284,2.5264232049966933e-31,7.061591381151222e-14,9.6981535114362e-44
5285,2.492961138439961e-31,7.107909702094643e-14,9.721938046189274e-44
5286,2.45994227154037e-31,7.25547459926141e-14,9.745894801197911e-44
5287,2.427360734190173e-31,7.399539170204487e-14,9.770003637382737e-44
5288,2.3952107340302865e-31,7.402041948372403e-14,9.793801202365103e-44
5289,2.3634865554203824e-31,7.45709177254373e-14,9.817458213495366e-44
5290,2.3321825584229664e-31,7.748386448577365e-14,9.841713760107474e-44
5291,2.301293177800569e-31,7.892992409411652e-14,9.866094724785874e-44
5292,2.270812922026391e-31,7.919046779188242e-14,9.890232181917608e-44
5293,2.240736372308018e-31,7.926922280623854e-14,9.914073629126294e-44
5294,2.2110581816240623e-31,8.192962020959732e-14,9.93838885803874e-44
5295,2.181773073773602e-31,8.327365108097526e-14,9.962775636568819e-44
5296,2.152875842438049e-31,8.484717668857787e-14,9.987294121498203e-44
5297,2.1243613502557554e-31,8.52022859765002e-14,1.0011589120672108e-43
5298,2.0962245279085663e-31,8.652280220870409e-14,1.003593388781938e-43
5299,2.0684603732206254e-31,8.742641842805769e-14,1.0060207093869873e-43
5300,2.0410639502690864e-31,8.756261264570647e-14,1.0084196117577708e-43
5301,2.0140303885066024e-31,9.023398125425718e-14,1.0108589576630827e-43
5302,1.9873548818954656e-31,9.143636779577489e-14,1.0132980690967172e-43
5303,1.9610326880530766e-31,9.202696263744168e-14,1.0157204206459863e-43
5304,1.9350591274090095e-31,9.217634229260769e-14,1.0181145684624717e-43
5305,1.9094295823729643e-31,9.236669142736087e-14,1.0204818847402398e-43
5306,1.8841394965138764e-31,9.434392320558854e-14,1.0228678506583923e-43
5307,1.8591843737498746e-31,9.510336781697948e-14,1.0252411668775351e-43
5308,1.8345597775489896e-31,9.574822387778506e-14,1.0275989282274775e-43
5309,1.8102613301403225e-31,9.601319735606417e-14,1.0299318998539718e-43
5310,1.7862847117359196e-31,9.759366937016014e-14,1.0322718660231457e-43
5311,1.7626256597626936e-31,1.0390217489274449e-13,1.0347300929790643e-43
5312,1.7392799681046482e-31,1.0450608198140518e-13,1.0371698597453925e-43
5313,1.7162434863551127e-31,1.0470315103554088e-13,1.0395818519733417e-43
5314,1.6935121190788815e-31,1.0764739318988883e-13,1.0420288244042698e-43
5315,1.6710818250841487e-31,1.0801889891671198e-13,1.044451720063959e-43
5316,1.6489486167039697e-31,1.0933539484330052e-13,1.046871663141355e-43
5317,1.6271085590874738e-31,1.1217057249497253e-13,1.0493214749075206e-43
5318,1.60555776950023e-31,1.1449249185987453e-13,1.051788878508912e-43
5319,1.5842924166339964e-31,1.1461506614048556e-13,1.0542262083341761e-43
5320,1.5633087199255889e-31,1.23059089274203e-13,1.0568084429407189e-43
5321,1.5426029488847714e-31,1.2635691262511143e-13,1.059424760242959e-43
5322,1.5221714224310683e-31,1.3000881323341283e-13,1.0620810387497521e-43
5323,1.5020105082392548e-31,1.32413797209056e-13,1.0647506219530961e-43
5324,1.482116622093731e-31,1.3337216600853547e-13,1.067403912638652e-43
5325,1.462486227251231e-31,1.3422956160883822e-13,1.070038891932569e-43
5326,1.4431158338120805e-31,1.3484021953024494e-13,1.0726508000362912e-43
5327,1.4240019980997628e-31,1.396256101466144e-13,1.0753195810098657e-43
5328,1.4051413220486986e-31,1.4010923771068123e-13,1.0779621359540884e-43
5329,1.3865304526001572e-31,1.4059662880853318e-13,1.080578761457749e-43
5330,1.3681660811060697e-31,1.4134541899407927e-13,1.0831744812411438e-43
5331,1.3500449427409338e-31,1.4264781740800177e-13,1.0857594220778788e-43
5332,1.3321638159213136e-31,1.4710799601365224e-13,1.088389878810779e-43
5333,1.3145195217331242e-31,1.510033551244255e-13,1.091054226431998e-43
5334,1.297108923366484e-31,1.5126440646863788e-13,1.0936878302601916e-43
5335,1.2799289255580497e-31,1.5132211385299822e-13,1.0962875438445537e-43
5336,1.2629764740407588e-31,1.611483105408223e-13,1.0990194027660903e-43
5337,1.2462485550007679e-31,1.6466882228865026e-13,1.1017739694937454e-43
5338,1.229742194541764e-31,1.671953102067795e-13,1.1045337555510735e-43
5339,1.2134544581561917e-31,1.677888861585893e-13,1.1072666566972534e-43
5340,1.1973824502035734e-31,1.7498947211726488e-13,1.1100790888847465e-43
5341,1.1815233133957211e-31,1.755301242008975e-13,1.1128628451383479e-43
5342,1.1658742282887664e-31,1.8195271127154101e-13,1.1157102386024774e-43
5343,1.150432412781935e-31,1.8747287315656762e-13,1.1186051601222968e-43
5344,1.1351951216228786e-31,1.884595714381637e-13,1.121476773484011e-43
5345,1.1201596459197204e-31,1.9112566472925792e-13,1.1243504387722978e-43
5346,1.1053233126594024e-31,1.9195755395119624e-13,1.1271983850145533e-43
5347,1.090683484232492e-31,1.954998224990774e-13,1.1300604688734312e-43
5348,1.0762375579642664e-31,1.959882715593516e-13,1.1328917009938146e-43
5349,1.0619829656520237e-31,1.9829789836814872e-13,1.135718356691427e-43
5350,1.047917173108446e-31,2.097595781631727e-13,1.1386687914018987e-43
5351,1.0340376797111616e-31,2.147378032336678e-13,1.1416492433240277e-43
5352,1.0203420179581225e-31,2.1885615743479523e-13,1.1446466232288246e-43
5353,1.0068277530289455e-31,2.1957456383426045e-13,1.1476140120561892e-43
5354,9.934924823520505e-32,2.1970939982348025e-13,1.1505438963730935e-43
5355,9.80333835177528e-32,2.199434072392128e-13,1.1534380540673167e-43
5356,9.673494721556821e-32,2.3059283402844767e-13,1.1564321551345784e-43
5357,9.545370849210834e-32,2.3204819540378797e-13,1.1594052464711816e-43
5358,9.418943956822707e-32,2.322296347747022e-13,1.162341253575681e-43
5359,9.294191568167479e-32,2.32426929566018e-13,1.1652408350407971e-43
5360,9.171091504714155e-32,2.399312440161913e-13,1.16819439017708e-43
5361,9.049621881682796e-32,2.411370237828166e-13,1.1711234725148602e-43
5362,8.929761104153828e-32,2.5235362357573373e-13,1.1741482026682643e-43
5363,8.81148786322902e-32,2.626706984702486e-13,1.1772548941486703e-43
5364,8.694781132242674e-32,2.647171742970574e-13,1.1803443217534855e-43
5365,8.579620163024254e-32,2.6700932404860003e-13,1.1834192270082647e-43
5366,8.46598448220926e-32,2.749025605305061e-13,1.1865431009706316e-43
5367,8.353853887599589e-32,2.892761085247204e-13,1.1897867711761565e-43
5368,8.243208444571986e-32,2.897759951095608e-13,1.1929930105119226e-43
5369,8.134028482534055e-32,2.9285307636380234e-13,1.1961903792879316e-43
5370,8.026294591427327e-32,2.933477372131556e-13,1.1993507286056644e-43
5371,7.919987618276076e-32,2.9653439558498045e-13,1.2025030960086519e-43
5372,7.81508866378298e-32,3.0047757902026995e-13,1.205655074397436e-43
5373,7.711579078968739e-32,3.0292282151399276e-13,1.2087906159460032e-43
5374,7.609440461856768e-32,3.063122814967973e-13,1.2119192472296529e-43
5375,7.508654654201682e-32,3.0800780196980806e-13,1.2150235287382123e-43
5376,7.409203738261118e-32,3.0999065524527186e-13,1.218106414197928e-43
5377,7.311070033610418e-32,3.1010304594021907e-13,1.221149570270086e-43
5378,7.214236093998972e-32,3.135108200360099e-13,1.2241854190515762e-43
5379,7.118684704249252e-32,3.2176240271486246e-13,1.2272599035264377e-43
5380,7.024398877195866e-32,3.238739614962883e-13,1.230313575958511e-43
5381,6.931361850665676e-32,3.2451676960589355e-13,1.2333327834888425e-43
5382,6.839557084497818e-32,3.3050332623267254e-13,1.2363669615470916e-43
5383,6.748968257603278e-32,3.3147953572025927e-13,1.239369795775136e-43
5384,6.659579265062936e-32,3.3219439393933104e-13,1.2423392479953147e-43
5385,6.57137421526501e-32,3.3406347334891027e-13,1.2452858565255555e-43
5386,6.484337427079446e-32,3.465774529633321e-13,1.2483023553619018e-43
5387,6.39845342707022e-32,3.5330268613646865e-13,1.2513366601518423e-43
5388,6.313706946744467e-32,3.5729124342595946e-13,1.2543645776849985e-43
5389,6.23008291983804e-32,3.6772104170572335e-13,1.2574396091135645e-43
5390,6.147566479637106e-32,3.841462054050223e-13,1.2606094468522363e-43
5391,6.066142956334792e-32,3.870359088564648e-13,1.263760829586597e-43
5392,5.985797874423706e-32,3.9379155217953586e-13,1.2669247510381727e-43
5393,5.90651695012212e-32,4.004109845810121e-13,1.2700992463339818e-43
5394,5.828286088834685e-32,4.011125964694894e-13,1.2732371847234865e-43
5395,5.751091382646685e-32,4.024035841229869e-13,1.2763435273680237e-43
5396,5.674919107851487e-32,4.039828714932262e-13,1.2794207567980171e-43
5397,5.599755722510809e-32,4.0792923466299807e-13,1.2824868910236875e-43
5398,5.525587864046912e-32,4.1554745099863366e-13,1.2855689174767575e-43
5399,5.452402346867476e-32,4.179129463325949e-13,1.2886274349880909e-43
5400,5.380186160021138e-32,4.182508252246966e-13,1.291647882962397e-43
5401,5.308926464884483e-32,4.320748999752262e-13,1.2947268355272406e-43
5402,5.23861059287958e-32,4.325350188467151e-13,1.297768243229527e-43
5403,5.169226043221769e-32,4.330346529764157e-13,1.3007728346678264e-43
5404,5.100760480697328e-32,4.3609761707710543e-13,1.3037586015347016e-43
5405,5.033201733470231e-32,4.4011557768441275e-13,1.3067319672410506e-43
5406,4.966537790918665e-32,4.444554738899043e-13,1.3096948826588631e-43
5407,4.90075680149949e-32,4.446133000315665e-13,1.3126195929373632e-43
5408,4.835847070641334e-32,4.535358219748556e-13,1.3155634817512553e-43
5409,4.771797058665533e-32,4.623755301825756e-13,1.3185249975758065e-43
5410,4.708595378734599e-32,4.687221636291945e-13,1.3214874003920292e-43
5411,4.6462307948279296e-32,4.812427382487659e-13,1.3244886507049283e-43
5412,4.5846922197439996e-32,4.841460267352544e-13,1.3274680163667118e-43
5413,4.523968713129672e-32,4.874794925394305e-13,1.3304281627856684e-43
5414,4.464049479534951e-32,4.888107724771204e-13,1.3333570794716356e-43
5415,4.4049238664938293e-32,4.992898050847621e-13,1.3363091610527175e-43
5416,4.3465813626304877e-32,4.996313721172162e-13,1.339224135578517e-43
5417,4.2890115957905796e-32,5.003677698316195e-13,1.3421047411628581e-43
5418,4.2322043311973235e-32,5.117047743883325e-13,1.3450115960140892e-43
5419,4.1761494696317207e-32,5.172105765979433e-13,1.3479108127412356e-43
5420,4.1208370456374744e-32,5.172108781531741e-13,1.35077163147992e-43
5421,4.066257225749084e-32,5.203577766863383e-13,1.3536117348528265e-43
5422,4.0124003067437075e-32,5.360830432687116e-13,1.3564989129569744e-43
5423,3.959256713916121e-32,5.504325329958101e-13,1.359424109198233e-43
5424,3.906816999376575e-32,5.524291169376794e-13,1.3623210317177875e-43
5425,3.855071840370927e-32,5.685143111138307e-13,1.3652628180603447e-43
5426,3.80401203762357e-32,5.711161820218464e-13,1.3681789260203306e-43
5427,3.753628513701758e-32,5.719690843869969e-13,1.3710607078249055e-43
5428,3.7039123114018745e-32,6.014888440374367e-13,1.3740510819300344e-43
5429,3.654854592157013e-32,6.030749985463947e-13,1.3770096303262628e-43
5430,3.6064466344656583e-32,6.127694720433122e-13,1.3799759221939855e-43
5431,3.5586798323412205e-32,6.128577005932853e-13,1.3829033474454531e-43
5432,3.5115456937818577e-32,6.273016878460255e-13,1.3858600799127989e-43
5433,3.4650358392610714e-32,6.299892256905917e-13,1.388790150636452e-43
5434,3.419142000237783e-32,6.399236966157144e-13,1.3917270061484189e-43
5435,3.3738560176864056e-32,6.583165408793779e-13,1.3947082572867736e-43
5436,3.329169840646323e-32,6.710075274364569e-13,1.397706733403399e-43
5437,3.2850755247905916e-32,6.778524378170515e-13,1.4006956773530673e-43
5438,3.241565231013638e-32,6.778844678300942e-13,1.4036451725872794e-43
5439,3.1986312240374357e-32,6.880616746826117e-13,1.4065992970613675e-43
5440,3.1562658710366015e-32,6.905708713808273e-13,1.4095249249351817e-43
5441,3.114461640281245e-32,6.947666355801768e-13,1.4124293434106733e-43
5442,3.073211099798018e-32,6.958271049692833e-13,1.4152996678269595e-43
5443,3.032506916048856e-32,7.258820430155766e-13,1.4182543114328717e-43
5444,2.9923418526272234e-32,7.529873365550935e-13,1.421278689845714e-43
5445,2.952708768971655e-32,7.798483811110245e-13,1.424369469458437e-43
5446,2.9136006190961453e-32,7.850093780423047e-13,1.427439495899453e-43
5447,2.8750104503377567e-32,7.853986998569482e-13,1.4304703627364627e-43
5448,2.836931402120406e-32,7.855004982289681e-13,1.433461473871144e-43
5449,2.79935670473523e-32,7.969544997246625e-13,1.436456006286835e-43
5450,2.762279678137064e-32,8.074412114081292e-13,1.4394497582140183e-43
5451,2.7256937307568615e-32,8.207633698099689e-13,1.4424525987599648e-43
5452,2.689592358329878e-32,8.210696347278386e-13,1.4454167728271444e-43
5453,2.6539691427391907e-32,8.271438221714606e-13,1.4483633250973163e-43
5454,2.618817750874909e-32,8.391844262867332e-13,1.451313175158797e-43
5455,2.584131933508122e-32,8.536048709224873e-13,1.4542739734244187e-43
5456,2.549905524179943e-32,8.617771633268833e-13,1.457223527218589e-43
5457,2.5161324381052366e-32,8.673619492141222e-13,1.4601528761954624e-43
5458,2.482806671090897e-32,8.817028984716453e-13,1.4630912187324957e-43
5459,2.4499222984682776e-32,8.877508142893959e-13,1.4660105315898083e-43
5460,2.417473474040117e-32,9.235382921144843e-13,1.4690073047791589e-43
5461,2.3854544290410544e-32,9.269439169002718e-13,1.4719752906778427e-43
5462,2.3538594711120925e-32,9.278891136691102e-13,1.4749069524287544e-43
5463,2.322682983288608e-32,9.390326625057317e-13,1.4778345264656008e-43
5464,2.2919194230017657e-32,9.413243710949599e-13,1.4807303753695662e-43
5465,2.2615633210931894e-32,9.697679176373753e-13,1.4836742127431129e-43
5466,2.2316092808425243e-32,9.77137338125067e-13,1.4866011338587756e-43
5467,2.2020519770082002e-32,9.835812676730858e-13,1.489508334896212e-43
5468,2.1728861548805773e-32,9.880748817859596e-13,1.4923901365213061e-43
5469,2.144106629347795e-32,1.0280659803874101e-12,1.4953488616345006e-43
5470,2.11570828397396e-32,1.0330208647417066e-12,1.4982824699640318e-43
5471,2.087686070089545e-32,1.03561867122855e-12,1.5011845027548179e-43
5472,2.0600350058938623e-32,1.0377953496621353e-12,1.5040541173383667e-43
5473,2.0327501755692814e-32,1.0701940352206321e-12,1.506974123604904e-43
5474,2.0058267284074675e-32,1.072308391061699e-12,1.5098611474356958e-43
5475,1.9792598779469045e-32,1.0925698879329697e-12,1.5127637615187387e-43
5476,1.953044901121984e-32,1.0937778456455817e-12,1.5156310976062597e-43
5477,1.9271771374233381e-32,1.0940708563244482e-12,1.5184612142443572e-43
5478,1.9016519880692903e-32,1.1010550332287856e-12,1.5212716736613762e-43
5479,1.8764649151883107e-32,1.1184460332862467e-12,1.5240887118367585e-43
5480,1.8516114410121633e-32,1.1191465659661289e-12,1.5268701798644148e-43
5481,1.8270871470800083e-32,1.1268165298949607e-12,1.5296336178430903e-43
5482,1.8028876734527774e-32,1.1427983924212242e-12,1.5323991297989542e-43
5483,1.7790087179380904e-32,1.1496934201892703e-12,1.5351444776025771e-43
5484,1.7554460353254084e-32,1.1513562843811356e-12,1.537857381872876e-43
5485,1.73219543663132e-32,1.1778863104801926e-12,1.5405960380640995e-43
5486,1.709252788354845e-32,1.181152260747508e-12,1.5433059141520288e-43
5487,1.686614011742482e-32,1.1871548991678069e-12,1.545993487608682e-43
5488,1.6642750820632328e-32,1.2111976629877413e-12,1.5486991735507974e-43
5489,1.642232027892986e-32,1.227002119313315e-12,1.5514038609691005e-43
5490,1.620480930408499e-32,1.2343387823071805e-12,1.554088683287385e-43
5491,1.59901792269071e-32,1.2604287307280987e-12,1.556793942444919e-43
5492,1.5778391890372743e-32,1.2670394392644317e-12,1.559477371526177e-43
5493,1.556940964284229e-32,1.2852424590496236e-12,1.5621633001033146e-43
5494,1.5363195331365326e-32,1.310372430815682e-12,1.564865475589305e-43
5495,1.5159712295076915e-32,1.3190093036323192e-12,1.5675494357692627e-43
5496,1.4958924358679125e-32,1.32110644101323e-12,1.5702020581297914e-43
5497,1.476079582600999e-32,1.3519183775272886e-12,1.5728805941740707e-43
5498,1.4565291473697437e-32,1.3665393898563633e-12,1.5755522381573053e-43
5499,1.4372376544897455e-32,1.392617797858877e-12,1.5782388057905006e-43
5500,1.4182016743114204e-32,1.4224618286704062e-12,1.580946601308e-43
5501,1.3994178226103985e-32,1.4252820594979755e-12,1.5836238299917736e-43
5502,1.3808827599857944e-32,1.4359701018464734e-12,1.586285409568252e-43
5503,1.3625931912665469e-32,1.4522767732245474e-12,1.5889415611525777e-43
5504,1.3445458649256018e-32,1.4536331078507689e-12,1.5915649802603163e-43
5505,1.3267375725018554e-32,1.4852604729204745e-12,1.5942099755430363e-43
5506,1.3091651480297703e-32,1.5462102017723753e-12,1.5969270417418976e-43
5507,1.2918254674764544e-32,1.5922222334499764e-12,1.5996879042316886e-43
5508,1.2747154481863824e-32,1.6016089128138479e-12,1.6024282601710283e-43
5509,1.2578320483332832e-32,1.6611773688444233e-12,1.6052328923455402e-43
5510,1.2411722663793828e-32,1.6696658489154779e-12,1.6080145192434209e-43
5511,1.2247331405417891e-32,1.6797235503125473e-12,1.6107758379250166e-43
5512,1.2085117482659456e-32,1.6930122988348739e-12,1.6135221395877393e-43
5513,1.1925052057060746e-32,1.7406052563527573e-12,1.6163082467993138e-43
5514,1.1767106672124183e-32,1.7619087468071206e-12,1.6190911003516892e-43
5515,1.1611253248254406e-32,1.7625646732621892e-12,1.6218381177428874e-43
5516,1.145746407776558e-32,1.7796292758931072e-12,1.6245749948440597e-43
5517,1.1305711819955684e-32,1.8430391710404574e-12,1.6273718483984343e-43
5518,1.1155969496245873e-32,1.8448494799528064e-12,1.630134368878664e-43
5519,1.1008210485384212e-32,1.847707009394395e-12,1.6328645224793669e-43
5520,1.0862408518713099e-32,1.8480821462587747e-12,1.6355590625943098e-43
5521,1.0718537675498584e-32,1.8597166906729043e-12,1.638234652678582e-43
5522,1.0576572378323106e-32,1.9139135582232625e-12,1.6409517457491956e-43
5523,1.0436487388537711e-32,1.9206474876903518e-12,1.6436422845861401e-43
5524,1.0298257801775266e-32,1.9396410263505482e-12,1.6463234423615393e-43
5525,1.0161859043522947e-32,1.970422944779577e-12,1.6490110747905373e-43
5526,1.002726686475338e-32,2.0342480044579104e-12,1.6517490135013136e-43
5527,9.894457337613773e-33,2.074465931833104e-12,1.6545041018960534e-43
5528,9.763406851171453e-33,2.1016893459369613e-12,1.6572583760074103e-43
5529,9.63409210721715e-33,2.1512389634722493e-12,1.6600402451648696e-43
5530,9.506490116122466e-33,2.29763217150879e-12,1.6629720695637468e-43
5531,9.380578192752911e-33,2.300093428800311e-12,1.665868161439246e-43
5532,9.256333952434931e-33,2.3168002759609914e-12,1.6687466523417985e-43
5533,9.133735306976481e-33,2.3680350647914196e-12,1.6716498312552139e-43
5534,9.012760460739656e-33,2.4221273725824835e-12,1.6745799961198555e-43
5535,8.893387906766636e-33,2.422849633610539e-12,1.6774722136064225e-43
5536,8.77559642295565e-33,2.425962754357488e-12,1.680329791131482e-43
5537,8.659365068288234e-33,2.4368222319347262e-12,1.6831621426224966e-43
5538,8.544673179106316e-33,2.4817075442099584e-12,1.6860084598889212e-43
5539,8.431500365438641e-33,2.487168917554379e-12,1.6888232589335854e-43
5540,8.319826507375937e-33,2.500416004396516e-12,1.6916155699533124e-43
5541,8.209631751493522e-33,2.546783549383389e-12,1.694421991868409e-43
5542,8.100896507322464e-33,2.560404615069246e-12,1.6972060540783715e-43
5543,7.993601443866309e-33,2.601951052920454e-12,1.6999978191117006e-43
5544,7.887727486164517e-33,2.632686914322431e-12,1.702785148941791e-43
5545,7.783255811901316e-33,2.6476482374611614e-12,1.7055511913840667e-43
5546,7.680167848059464e-33,2.7106966102167148e-12,1.7083455933254694e-43
5547,7.57844526761843e-33,2.7126103432214418e-12,1.7111049305639046e-43
5548,7.478069986295785e-33,2.7191194164908442e-12,1.713834254327706e-43
5549,7.379024159332816e-33,2.7312061199654006e-12,1.716539400015289e-43
5550,7.281290178321643e-33,2.7894883111299202e-12,1.7192656779915977e-43
5551,7.184850668074904e-33,2.7923705239507093e-12,1.7219586264491702e-43
5552,7.089688483536774e-33,2.8071907936140634e-12,1.7246300105325266e-43
5553,6.995786706734928e-33,2.8483712916750752e-12,1.7273046817853233e-43
5554,6.903128643772937e-33,2.9423273410555063e-12,1.7300309853055465e-43
5555,6.811697821862037e-33,2.942668175637787e-12,1.7327214910046426e-43
5556,6.721477986393183e-33,2.9865201883074177e-12,1.7354159246047775e-43
5557,6.632453098046896e-33,3.0211915295441386e-12,1.7381055369906816e-43
5558,6.544607329941888e-33,3.083926804770648e-12,1.7408146361801286e-43
5559,6.457925064821352e-33,3.1186457381939914e-12,1.7435179489470803e-43
5560,6.372390892276526e-33,3.2174895757345154e-12,1.746270002032401e-43
5561,6.2879896060071e-33,3.2754389059258433e-12,1.7490345145999716e-43
5562,6.204706201117487e-33,3.2933887392912084e-12,1.7517773608783043e-43
5563,6.122525871449784e-33,3.2950547108512756e-12,1.754485247702413e-43
5564,6.041434006951161e-33,3.3099495298190967e-12,1.7571693474901069e-43
5565,5.9614161910765756e-33,3.331506445899242e-12,1.7598351461838364e-43
5566,5.88245819822579e-33,3.333427344836906e-12,1.7624671535084588e-43
5567,5.804545991214342e-33,3.3958843509963822e-12,1.7651129619538765e-43
5568,5.727665718778087e-33,3.5165109016910723e-12,1.7678164651153472e-43
5569,5.6518037131103875e-33,3.588307065120482e-12,1.7705386268244634e-43
5570,5.5769464874327384e-33,3.620459078364439e-12,1.7732488020473216e-43
5571,5.5030807335967524e-33,3.6281987029975465e-12,1.7759287983699582e-43
5572,5.430193319718313e-33,3.6369095184544724e-12,1.7785796476630586e-43
5573,5.358271287842986e-33,3.639493482923722e-12,1.7811972453259474e-43
5574,5.287301851642421e-33,3.650582736282371e-12,1.7837880433119222e-43
5575,5.2172723941408916e-33,3.658332964923183e-12,1.7863499540408577e-43
5576,5.1481704654727e-33,3.747647173794817e-12,1.7889396505176288e-43
5577,5.07998378066853e-33,3.760786790311689e-12,1.7915040063524956e-43
5578,5.012700217471495e-33,3.785985018418397e-12,1.7940513519749935e-43
5579,4.946307814182039e-33,3.8154770755238e-12,1.796584538902392e-43
5580,4.880794767531385e-33,3.949774858540532e-12,1.7991721567480636e-43
5581,4.8161494305832044e-33,4.012743041440369e-12,1.8017662080080675e-43
5582,4.752360310662753e-33,4.023731659833237e-12,1.804332911021836e-43
5583,4.6894160673141104e-33,4.137896562482085e-12,1.8069374787036397e-43
5584,4.6273055102837884e-33,4.281799991018607e-12,1.8095969285289855e-43
5585,4.566017597531399e-33,4.487933910326886e-12,1.8123474895483317e-43
5586,4.505541433266589e-33,4.5308019033899464e-12,1.815087544749939e-43
5587,4.445866266011988e-33,4.953345297424138e-12,1.818043461840875e-43
5588,4.3869814866918654e-33,4.979558386677516e-12,1.8209756638079865e-43
5589,4.328876626745795e-33,4.980392224915887e-12,1.823869513735039e-43
5590,4.2715413562679256e-33,5.143074751079928e-12,1.8268183095544495e-43
5591,4.2149654821702766e-33,5.1997662681238096e-12,1.829760122771675e-43
5592,4.159138946370667e-33,5.573949441049134e-12,1.8328718656518343e-43
5593,4.104051824004589e-33,5.736343761603066e-12,1.8360318523591277e-43
5594,4.049694321660756e-33,5.960785429784542e-12,1.8392719864388336e-43
5595,3.996056775640089e-33,5.978138910488088e-12,1.8424785134481262e-43
5596,3.9431296502374693e-33,6.190008489582869e-12,1.8457547070038406e-43
5597,3.890903536046817e-33,6.2019477311698684e-12,1.848993743307966e-43
5598,3.839369148288059e-33,6.278459886850186e-12,1.8522293091713334e-43
5599,3.7885173251565305e-33,6.337097172675862e-12,1.8554518386172556e-43
5600,3.738339026194189e-33,6.357023936772984e-12,1.8586416850933573e-43
5601,3.688825330682394e-33,6.420013717692859e-12,1.8618204711373512e-43
5602,3.639967436056032e-33,6.501230864262402e-12,1.864996835662429e-43
5603,3.591756656338386e-33,6.5985751239445256e-12,1.8681780601799373e-43
5604,3.5441844205972484e-33,6.608853913789395e-12,1.8713220397435925e-43
5605,3.497242271420973e-33,6.726540803265426e-12,1.8744796225618645e-43
5606,3.4509218634149596e-33,6.785616479990749e-12,1.8776227478011195e-43
5607,3.40521496171801e-33,6.820809995673871e-12,1.8807403287207777e-43
5608,3.36011344053838e-33,6.839191559427758e-12,1.8838249081504684e-43
5609,3.315609281708976e-33,7.033702605787851e-12,1.886955198329736e-43
5610,3.271694573262173e-33,7.115170084144669e-12,1.8900798045276822e-43
5611,3.228361508023033e-33,7.140853368579659e-12,1.89317415517652e-43
5612,3.1856023822213836e-33,7.144360967167771e-12,1.8962290214701952e-43
5613,3.143409594122243e-33,7.191293357542899e-12,1.899263228638131e-43
5614,3.101775642674379e-33,7.240603240368718e-12,1.9022777778757585e-43
5615,3.0606931261768123e-33,7.348142732410586e-12,1.9052965798260658e-43
5616,3.020154740962766e-33,7.366599826203963e-12,1.9082828804407897e-43
5617,2.9801532801014773e-33,7.4434088555036e-12,1.9112603527208696e-43
5618,2.9406816321167722e-33,7.478010402161549e-12,1.9142120466630705e-43
5619,2.9017327797228277e-33,7.523086800711411e-12,1.9171422026365478e-43
5620,2.8632997985766367e-33,7.530112088508517e-12,1.9200362491958112e-43
5621,2.8253758560469942e-33,7.612801250818193e-12,1.9229233235670674e-43
5622,2.7879542099998297e-33,7.658073424333316e-12,1.9257891006979532e-43
5623,2.7510282075994286e-33,7.765584641737343e-12,1.9286566206691663e-43
5624,2.7145912841259283e-33,8.16151959353109e-12,1.9316304273177358e-43
5625,2.6786369618080778e-33,8.317774392825214e-12,1.934621026732604e-43
5626,2.6431588486716594e-33,8.341185678977114e-12,1.9375803220247103e-43
5627,2.608150637403119e-33,8.754288482688476e-12,1.9406450418317873e-43
5628,2.57360610422825e-33,8.973216353890498e-12,1.9437447975320096e-43
5629,2.5395191078057644e-33,9.034956321689102e-12,1.9468245427701568e-43
5630,2.505883588135337e-33,9.139089698911622e-12,1.949898523083532e-43
5631,2.4726935654804757e-33,9.55026357631812e-12,1.953068257728111e-43
5632,2.4399431393052933e-33,9.560845850869595e-12,1.9561994754902232e-43
5633,2.407626487225547e-33,9.759219174625728e-12,1.959353328396587e-43
5634,2.3757378639735296e-33,9.774825834068864e-12,1.962470385780354e-43
5635,2.344271600376677e-33,1.0078603450493695e-11,1.965641745708968e-43
5636,2.3132221023497294e-33,1.0285607594822664e-11,1.968835375236182e-43
5637,2.2825838499000842e-33,1.0444477817655483e-11,1.9720353807170025e-43
5638,2.2523513961466444e-33,1.0535438113662927e-11,1.9752205021724377e-43
5639,2.222519366351341e-33,1.0584717896316885e-11,1.978378138369016e-43
5640,2.1930824569636388e-33,1.0879570111067065e-11,1.9815807475643822e-43
5641,2.164035434677673e-33,1.0905863105794142e-11,1.984748576051199e-43
5642,2.135373135501868e-33,1.0942518729279693e-11,1.9878849535067537e-43
5643,2.1070904638409102e-33,1.0980521408475014e-11,1.990990538323374e-43
5644,2.079182391589732e-33,1.0991235199528106e-11,1.994057980184155e-43
5645,2.051643957239794e-33,1.099852128729922e-11,1.997086800748322e-43
5646,2.024470264996904e-33,1.1436618227195869e-11,2.000194552188375e-43
5647,1.9976564839108724e-33,1.1594030154645786e-11,2.00330335005309e-43
5648,1.9711978470166622e-33,1.1936045186185274e-11,2.0064614649084316e-43
5649,1.945089650486946e-33,1.2254679051629885e-11,2.009660940599317e-43
5650,1.9193272527957442e-33,1.2293156228072382e-11,2.012827952395594e-43
5651,1.893906073893421e-33,1.2317999596518825e-11,2.0159593331102124e-43
5652,1.8688215943923298e-33,1.2486163981392088e-11,2.0190914223545974e-43
5653,1.844069354763381e-33,1.2592059040874493e-11,2.0222082389826132e-43
5654,1.8196449545432272e-33,1.2648559299408391e-11,2.025297573727984e-43
5655,1.7955440515519455e-33,1.3164110856452982e-11,2.0284702433151626e-43
5656,1.7717623611211095e-33,1.359244948833191e-11,2.0317027575744456e-43
5657,1.7482956553319556e-33,1.4006295035751354e-11,2.0349895736224464e-43
5658,1.7251397622638976e-33,1.4256435061271496e-11,2.0382907784805518e-43
5659,1.702290565252736e-33,1.4301263511079389e-11,2.041558502355284e-43
5660,1.6797440021588226e-33,1.444137721748073e-11,2.044814536581253e-43
5661,1.657496064644892e-33,1.4563110212795885e-11,2.0480545282414806e-43
5662,1.6355427974634572e-33,1.4690110371877958e-11,2.0512794874206666e-43
5663,1.6138802977536667e-33,1.5131318042745064e-11,2.054557309147764e-43
5664,1.5925047143473614e-33,1.5132260383990236e-11,2.0577919180874028e-43
5665,1.5714122470845492e-33,1.5305161295476506e-11,2.0610201542231716e-43
5666,1.55059914613772e-33,1.59559330577382e-11,2.0643410786774872e-43
5667,1.5300617113452225e-33,1.6197058402283317e-11,2.0676675389851588e-43
5668,1.5097962915534466e-33,1.631071284951144e-11,2.0709729734151433e-43
5669,1.4897992839677222e-33,1.635614836984152e-11,2.0742437136453926e-43
5670,1.4700671335118318e-33,1.6367650227300865e-11,2.0774734030143377e-43
5671,1.450596332195905e-33,1.64516902680636e-11,2.080676678939544e-43
5672,1.4313834184928919e-33,1.6562253771251704e-11,2.0838587704638886e-43
5673,1.4124249767230874e-33,1.6664146225631083e-11,2.08701803292251e-43
5674,1.393717636446912e-33,1.7032073884938143e-11,2.090204280940255e-43
5675,1.375258071865712e-33,1.7232061542281827e-11,2.093385244469325e-43
5676,1.3570430012305e-33,1.7364065098162017e-11,2.0965481211920994e-43
5677,1.3390691862585407e-33,1.7457455303114485e-11,2.0996858919070935e-43
5678,1.3213334315575735e-33,1.755433581126211e-11,2.102799285845963e-43
5679,1.3038325840578479e-33,1.8151440103458915e-11,2.1059759416974735e-43
5680,1.2865635324514932e-33,1.8207195202457373e-11,2.1091201516330556e-43
5681,1.2695232066394077e-33,1.853120394618642e-11,2.112277929162388e-43
5682,1.252708577185456e-33,1.8729089104443107e-11,2.1154271560954006e-43
5683,1.2361166547779116e-33,1.8793341658975012e-11,2.1185453327612424e-43
5684,1.2197444896979452e-33,1.8793822028999505e-11,2.121622288328665e-43
5685,1.2035891712953287e-33,1.8969307999793016e-11,2.124686840434805e-43
5686,1.1876478274709082e-33,1.9006481420123558e-11,2.1277167289869112e-43
5687,1.1719176241660182e-33,1.9133024564018762e-11,2.130726392649206e-43
5688,1.156395764858641e-33,1.9825470655554562e-11,2.1338036743113865e-43
5689,1.1410794900662419e-33,2.0060479515610632e-11,2.1368761924786704e-43
5690,1.1259660768552006e-33,2.0225351620019586e-11,2.13993293344239e-43
5691,1.1110528383566645e-33,2.0300809127044643e-11,2.1429604415246387e-43
5692,1.0963371232889723e-33,2.0408911255286848e-11,2.145963758753385e-43
5693,1.081816315486243e-33,2.125834617474274e-11,2.1490506423434582e-43
5694,1.0674878334332898e-33,2.2042810754202634e-11,2.1522090425263407e-43
5695,1.0533491298066765e-33,2.2066166865589734e-11,2.1553289124612206e-43
5696,1.0393976910218536e-33,2.223500671994048e-11,2.158431015812554e-43
5697,1.0256310367863074e-33,2.2307414427138237e-11,2.1615020004256286e-43
5698,1.0120467196585525e-33,2.267648792893612e-11,2.1645824464593324e-43
5699,9.986423246131144e-34,2.276028642765112e-11,2.167633325165568e-43
5700,9.854154686111257e-34,2.2973877687580198e-11,2.1706720468853772e-43
5701,9.72363800176683e-34,2.3295486747166664e-11,2.173712496575807e-43
5702,9.594849989788006e-34,2.34378672779069e-11,2.176731012907552e-43
5703,9.467767754189014e-34,2.356445847618427e-11,2.179725636971385e-43
5704,9.342368702237845e-34,2.3669822438771017e-11,2.1826938102650597e-43
5705,9.218630540439166e-34,2.415768144132418e-11,2.185683037359927e-43
5706,9.096531270571785e-34,2.4237686938890272e-11,2.18864244123844e-43
5707,8.97604918577726e-34,2.4280150844457726e-11,2.1915677644313057e-43
5708,8.857162866700969e-34,2.4352787461298958e-11,2.194462977691827e-43
5709,8.739851177684182e-34,2.443505279448313e-11,2.197329495006362e-43
5710,8.624093263006547e-34,2.488414937802667e-11,2.2002100322468895e-43
5711,8.509868543178474e-34,2.5785561031385445e-11,2.2031553807313093e-43
5712,8.397156711282024e-34,2.5802572412874164e-11,2.206063635935605e-43
5713,8.285937729361455e-34,2.5948462637644414e-11,2.208949597532568e-43
5714,8.176191824860393e-34,2.5974282326033835e-11,2.2118001686402044e-43
5715,8.067899487106771e-34,2.617645477948506e-11,2.214634878122377e-43
5716,7.961041463844216e-34,2.73767770541615e-11,2.2175603064016844e-43
5717,7.855598757809378e-34,2.790265647621439e-11,2.220502438006097e-43
5718,7.751552623354693e-34,2.799862158926906e-11,2.22341558635252e-43
5719,7.648884563115336e-34,2.8598732836709538e-11,2.2263517627781685e-43
5720,7.547576324721419e-34,2.8622290967245953e-11,2.2292514366548583e-43
5721,7.447609897552628e-34,2.8878919460856348e-11,2.2321383590538556e-43
5722,7.348967509536401e-34,2.9640937150430574e-11,2.235062211877413e-43
5723,7.2516316239884e-34,2.977727532757594e-11,2.2379606093406293e-43
5724,7.155584936494938e-34,3.0667696473059193e-11,2.2409061399999214e-43
5725,7.06081037183618e-34,3.1878264496778546e-11,2.2439273886396803e-43
5726,6.967291080951121e-34,3.2125127358425794e-11,2.2469317077698323e-43
5727,6.875010437941741e-34,3.294195982222642e-11,2.2499716130042166e-43
5728,6.783952037117347e-34,3.305004858168642e-11,2.2529810975752336e-43
5729,6.69409969007797e-34,3.341300606500343e-11,2.255983334591815e-43
5730,6.605437422836372e-34,3.39261694849414e-11,2.2589913056971724e-43
5731,6.517949472978289e-34,3.408373662622193e-11,2.2619732219381033e-43
5732,6.431620286859804e-34,3.420184175140492e-11,2.2649258391002554e-43
5733,6.346434516842775e-34,3.504794205319766e-11,2.267911425031569e-43
5734,6.2623770185659514e-34,3.640234781348398e-11,2.2709713153201732e-43
5735,6.179432848252697e-34,3.6422939316559467e-11,2.2739923858021553e-43
5736,6.097587260054277e-34,3.656648214137576e-11,2.2769851910413634e-43
5737,6.016825703428341e-34,3.713973462330074e-11,2.279984653822215e-43
5738,5.937133820552199e-34,3.7667049417169375e-11,2.282986411912658e-43
5739,5.8584974437699466e-34,3.778603538989409e-11,2.2859577688286853e-43
5740,5.780902593074244e-34,3.779935290867853e-11,2.2888908039740282e-43
5741,5.704335473620601e-34,3.7867081887888466e-11,2.291790177356299e-43
5742,5.628782473275012e-34,3.7944489234023315e-11,2.2946569973645103e-43
5743,5.554230160193979e-34,3.7965064753353644e-11,2.297487380758144e-43
5744,5.4806652804366056e-34,3.8600988247840666e-11,2.300327057817112e-43
5745,5.408074755608368e-34,3.918462565975169e-11,2.3031714903589515e-43
5746,5.336445680535734e-34,3.941465717660668e-11,2.305994725796817e-43
5747,5.265765320972338e-34,3.9809029310772e-11,2.3088084423023722e-43
5748,5.196021111334769e-34,3.9950740140370614e-11,2.3115947750978985e-43
5749,5.127200652468734e-34,4.072597211816038e-11,2.3143975551868357e-43
5750,5.059291709444735e-34,4.0809487553406196e-11,2.3171688843519386e-43
5751,4.992282209382932e-34,4.115115579480307e-11,2.3199264027287136e-43
5752,4.9261602393068996e-34,4.3215955888531175e-11,2.322783926870782e-43
5753,4.860914044025443e-34,4.341991346432364e-11,2.3256169110237794e-43
5754,4.796532024043187e-34,4.505489275176699e-11,2.3285176360292223e-43
5755,4.733002733498121e-34,4.5440286612677484e-11,2.33140442519989e-43
5756,4.670314878126828e-34,4.607073999829719e-11,2.3342925010857517e-43
5757,4.608457313256582e-34,4.6828581079065487e-11,2.3371892030776316e-43
5758,4.547419041824108e-34,4.726249382673011e-11,2.340074024004403e-43
5759,4.487189212420262e-34,4.766523328584522e-11,2.3429448928737043e-43
5760,4.427757117361249e-34,4.827540581419197e-11,2.345814001381066e-43
5761,4.369112190784752e-34,4.873552898163618e-11,2.3486720928998606e-43
5762,4.311244006771591e-34,4.9020910291584027e-11,2.3515088439571068e-43
5763,4.2541422774921955e-34,4.969022392890754e-11,2.354346241671728e-43
5764,4.197796851377634e-34,5.109299115580339e-11,2.357225098029869e-43
5765,4.142197711314925e-34,5.124702930665362e-11,2.3600743887900874e-43
5766,4.087334972865946e-34,5.1341709613681657e-11,2.3628911355761463e-43
5767,4.033198882510538e-34,5.225163559236868e-11,2.3657198348417925e-43
5768,3.979779815912278e-34,5.246281353214499e-11,2.368522349371798e-43
5769,3.927068276207524e-34,5.3379101344506e-11,2.3713360439917233e-43
5770,3.875054892317052e-34,5.3381876339062456e-11,2.3741126160185404e-43
5771,3.8237304172800703e-34,5.357194487004033e-11,2.3768621679657054e-43
5772,3.7730857266103373e-34,5.3732287925175433e-11,2.379583423066653e-43
5773,3.723111816673796e-34,5.405057499330681e-11,2.3822845416333867e-43
5774,3.6737998030882266e-34,5.427287885608153e-11,2.3849608465728657e-43
5775,3.6251409191435593e-34,5.454430572464872e-11,2.3876149116149637e-43
5776,3.5771265142433815e-34,5.4908972032140266e-11,2.3902513332307674e-43
5777,3.5297480523670304e-34,5.5216275820107093e-11,2.3928673954496644e-43
5778,3.482997110552056e-34,5.613884366261861e-11,2.3954919392632955e-43
5779,3.436865377396831e-34,5.6572514655347245e-11,2.398101727413296e-43
5780,3.3913446515827516e-34,5.736550535834273e-11,2.4007130468538994e-43
5781,3.3464268404164988e-34,5.832049891154224e-11,2.4033326760111297e-43
5782,3.3021039583911182e-34,5.835553944429566e-11,2.405919161701447e-43
5783,3.2583681257664024e-34,5.897523192860917e-11,2.4084984925740804e-43
5784,3.215211567168029e-34,5.906325257515098e-11,2.4110474592948503e-43
5785,3.172626610205249e-34,5.921870376309513e-11,2.4135692852459933e-43
5786,3.1306056841069332e-34,6.016578825976272e-11,2.4160975073881038e-43
5787,3.089141318375457e-34,6.031263978987761e-11,2.418598332742582e-43
5788,3.0482261414588617e-34,6.105536311415929e-11,2.421096423726105e-43
5789,3.0078528794401567e-34,6.127746203883816e-11,2.4235703947568403e-43
5790,2.9680143547442053e-34,6.248316959039768e-11,2.4260596320516485e-43
5791,2.9287034848616918e-34,6.284988015030514e-11,2.4285303155123686e-43
5792,2.8899132810899906e-34,6.33571184139952e-11,2.4309879510460354e-43
5793,2.851636847290752e-34,6.51277392157874e-11,2.4334808086446224e-43
5794,2.8138673786637418e-34,6.582368195435649e-11,2.4359669341351118e-43
5795,2.776598160537324e-34,6.692489556203345e-11,2.438461172665901e-43
5796,2.7398225671745636e-34,6.693309264387994e-11,2.4409226768634844e-43
5797,2.7035340605953373e-34,6.83384618654565e-11,2.443402577586503e-43
5798,2.6677261894140114e-34,6.963863020759937e-11,2.445896188686221e-43
5799,2.6323925876925484e-34,7.101255728731124e-11,2.4484053181026333e-43
5800,2.5975269738086176e-34,7.196751700054322e-11,2.4509145097625594e-43
5801,2.5631231493390726e-34,7.209825045635512e-11,2.4533949653158213e-43
5802,2.5291749979578405e-34,7.301918506263601e-11,2.455873831664062e-43
5803,2.4956764843485976e-34,7.514146571487838e-11,2.45839095907593e-43
5804,2.4626216531318086e-34,7.69384835553216e-11,2.460934147663927e-43
5805,2.4300046278059767e-34,7.90631380950708e-11,2.4635129520415136e-43
5806,2.39781960970295e-34,7.973112777805242e-11,2.466079099832425e-43
5807,2.366060876956896e-34,8.061856222572019e-11,2.4686394432045225e-43
5808,2.334722783487273e-34,8.153594419930492e-11,2.4711946242449744e-43
5809,2.3037997579949253e-34,8.340166063766559e-11,2.473773655922977e-43
5810,2.2732863029716562e-34,8.483725089878393e-11,2.476362333562575e-43
5811,2.2431769937228737e-34,8.587692356586934e-11,2.4789480284115538e-43
5812,2.2134664774031882e-34,8.630123874565693e-11,2.4815120827737157e-43
5813,2.1841494720648133e-34,8.791201203659298e-11,2.4840893996999e-43
5814,2.1552207657184114e-34,8.897089066829505e-11,2.486663212469421e-43
5815,2.1266752154066947e-34,8.93234856090409e-11,2.4892130005218916e-43
5816,2.0985077462899817e-34,9.14612897303694e-11,2.4917892335757464e-43
5817,2.07071335074402e-34,9.261785047044048e-11,2.4943634907463385e-43
5818,2.043287087469732e-34,9.270080393004721e-11,2.496905927400662e-43
5819,2.0162240806147447e-34,9.413339332700205e-11,2.499453460069554e-43
5820,1.9895195189065907e-34,9.808685008896008e-11,2.502072826410513e-43
5821,1.963168654797243e-34,9.866171747237905e-11,2.504672647920422e-43
5822,1.937166803619264e-34,9.874377347528774e-11,2.507240168823079e-43
5823,1.9115093427528513e-34,1.0175397932306827e-10,2.509850917565562e-43
5824,1.8861917108040523e-34,1.0363393678202462e-10,2.5124746834344146e-43
5825,1.86120940679384e-34,1.0505590448185046e-10,2.515099221978248e-43
5826,1.8365579893579265e-34,1.0590123876373125e-10,2.517709837621993e-43
5827,1.8122330759572008e-34,1.0605679183060458e-10,2.520289659898831e-43
5828,1.788230342098496e-34,1.0702000399527501e-10,2.522858432572287e-43
5829,1.7645455205659345e-34,1.0784103091476861e-10,2.525412628143391e-43
5830,1.7411744006621976e-34,1.0824284534364683e-10,2.527942384660639e-43
5831,1.7181128274599703e-34,1.0867833986024087e-10,2.5304486781508224e-43
5832,1.6953567010632779e-34,1.0877533818140909e-10,2.5329239834953216e-43
5833,1.6729019758786287e-34,1.0983078352865365e-10,2.535390203556272e-43
5834,1.6507446598956901e-34,1.0992712956051055e-10,2.5378258937010416e-43
5835,1.6288808139777328e-34,1.119813352537872e-10,2.5402742363607175e-43
5836,1.6073065511612309e-34,1.1210152626899434e-10,2.5426927441505757e-43
5837,1.5860180359648627e-34,1.1269364216037177e-10,2.545091824464241e-43
5838,1.5650114837076357e-34,1.139355013216243e-10,2.547485216526707e-43
5839,1.5442831598360442e-34,1.1585854501730539e-10,2.549886769971117e-43
5840,1.5238293792601619e-34,1.2042349325170866e-10,2.552349885678269e-43
5841,1.5036465056984165e-34,1.2319982550956442e-10,2.5548364121793573e-43
5842,1.4837309510312622e-34,1.2491579232579102e-10,2.5573241794702124e-43
5843,1.4640791746631946e-34,1.2544644519035023e-10,2.5597894249572623e-43
5844,1.4446876828933231e-34,1.2774350493268558e-10,2.562266562081819e-43
5845,1.4255530282942608e-34,1.2798707989289235e-10,2.564715550648712e-43
5846,1.4066718090992382e-34,1.2924110910490046e-10,2.5671557803587296e-43
5847,1.3880406685973563e-34,1.312193213896937e-10,2.5696005459721026e-43
5848,1.3696562945367495e-34,1.3226066968538772e-10,2.572032075597105e-43
5849,1.3515154185358517e-34,1.3285949683142629e-10,2.5744422632546655e-43
5850,1.3336148155022614e-34,1.3380071586339003e-10,2.5768373767549462e-43
5851,1.3159513030594046e-34,1.3814696670120845e-10,2.579277537420216e-43
5852,1.2985217409807702e-34,1.4008792457824438e-10,2.5817192085981197e-43
5853,1.2813230306316387e-34,1.4229866014059572e-10,2.5841665620369474e-43
5854,1.2643521144182244e-34,1.4263341205568914e-10,2.586587181722178e-43
5855,1.2476059752440223e-34,1.4355594149621027e-10,2.588991189497757e-43
5856,1.231081635973537e-34,1.4471189880429295e-10,2.591382458010075e-43
5857,1.214776158902932e-34,1.4486871239951285e-10,2.5937446114783535e-43
5858,1.198686645237784e-34,1.4550549671622814e-10,2.5960857241561234e-43
5859,1.1828102345777318e-34,1.459954977565372e-10,2.598403608633025e-43
5860,1.1671441044079544e-34,1.49462532500696e-10,2.6007451081226855e-43
5861,1.1516854695973994e-34,1.4951011213284926e-10,2.6030563303466322e-43
5862,1.1364315819035758e-34,1.5060052816057276e-10,2.605353573889824e-43
5863,1.121379729484068e-34,1.5060732712542982e-10,2.6076204931510124e-43
5864,1.1065272364143585e-34,1.513670489931414e-10,2.6098686711971654e-43
5865,1.0918714622121171e-34,1.527858024036647e-10,2.6121078654185016e-43
5866,1.0774098013677747e-34,1.6052108902516377e-10,2.614429266966348e-43
5867,1.063139682881315e-34,1.6089800084858752e-10,2.6167253005026917e-43
5868,1.0490585698052155e-34,1.6173595721415302e-10,2.6190027228046953e-43
5869,1.0351639587933686e-34,1.6224483264843665e-10,2.6212570516430275e-43
5870,1.0214533796561255e-34,1.6661167939707097e-10,2.62354139425859e-43
5871,1.007924394921085e-34,1.7136237068001826e-10,2.6258597531556804e-43
5872,9.94574599399773e-35,1.7232705286713084e-10,2.628160284074247e-43
5873,9.814016197600478e-35,1.7284903786706774e-10,2.630437220930816e-43
5874,9.684031141041816e-35,1.755911620379697e-10,2.6327196436436868e-43
5875,9.55576771552462e-35,1.7619840174619428e-10,2.634979624701549e-43
5876,9.429203118324454e-35,1.7639266078782732e-10,2.6372121313077166e-43
5877,9.304314848735142e-35,1.7815663757966956e-10,2.639437098726034e-43
5878,9.181080704068719e-35,1.8118246350948687e-10,2.6416698853179487e-43
5879,9.059478775708232e-35,1.8627939206675737e-10,2.6439350786468624e-43
5880,8.939487445212813e-35,1.8629338858629595e-10,2.646170437802759e-43
5881,8.821085380474472e-35,1.8718772993249774e-10,2.648386779174528e-43
5882,8.704251531925157e-35,1.9020136272291984e-10,2.6506089748951525e-43
5883,8.588965128795322e-35,1.9346952723764472e-10,2.652839415486198e-43
5884,8.475205675420772e-35,1.9350477306655732e-10,2.65504071520714e-43
5885,8.36295294759907e-35,1.9356502002132025e-10,2.6572135353579655e-43
5886,8.252186988994067e-35,1.9389627785108478e-10,2.659361246066577e-43
5887,8.142888107588059e-35,1.9418948192747356e-10,2.6614837153821258e-43
5888,8.035036872181042e-35,1.9818734960840272e-10,2.663621190431857e-43
5889,7.928614108935772e-35,1.9897243461843722e-10,2.66573871006203e-43
5890,7.823600897969716e-35,2.0002075237404098e-10,2.6678391922086942e-43
5891,7.719978569991013e-35,2.0019435361942832e-10,2.6699136527057177e-43
5892,7.617728702979549e-35,2.0197502955081701e-10,2.6719788446968384e-43
5893,7.516833118911889e-35,2.0542322682865963e-10,2.6740514743420326e-43
5894,7.417273880529573e-35,2.0989641602052904e-10,2.6761411870738507e-43
5895,7.319033288150334e-35,2.1229991703802816e-10,2.6782268340350387e-43
5896,7.22209387652102e-35,2.1233706808883413e-10,2.6802852170798014e-43
5897,7.126438411713241e-35,2.1449630483995517e-10,2.682336991453703e-43
5898,7.0320498880591e-35,2.147825559010959e-10,2.6843642922895196e-43
5899,6.938911525128014e-35,2.1808593680121086e-10,2.6863955090027153e-43
5900,6.847006764743495e-35,2.1984123757596392e-10,2.688415954628921e-43
5901,6.756319268039417e-35,2.2123382030431249e-10,2.690422268763889e-43
5902,6.66683291255539e-35,2.226644959241943e-10,2.6924148121874832e-43
5903,6.578531789370118e-35,2.2454934741184057e-10,2.694397608146182e-43
5904,6.491400200273678e-35,2.3072137847524154e-10,2.696407920180689e-43
5905,6.405422654976302e-35,2.327961146511184e-10,2.6984094440299357e-43
5906,6.320583868354606e-35,2.355045025396265e-10,2.7004074356538766e-43
5907,6.236868757734187e-35,2.3861068424694073e-10,2.702404967636571e-43
5908,6.154262440208316e-35,2.443917436004006e-10,2.704423797833827e-43
5909,6.072750229991691e-35,2.484994727918925e-10,2.70644937196032e-43
5910,5.992317635810123e-35,2.487399771599598e-10,2.708450052124284e-43
5911,5.912950358323919e-35,2.488014624954697e-10,2.7104247215955694e-43
5912,5.834634287585823e-35,2.516004405079324e-10,2.712395157385225e-43
5913,5.757355500532549e-35,2.5697009954997417e-10,2.714380991145443e-43
5914,5.681100258509531e-35,2.621322182204247e-10,2.716379886719686e-43
5915,5.605855004828541e-35,2.6372604831366696e-10,2.7183643000604507e-43
5916,5.531606362357254e-35,2.6614646950451064e-10,2.7203404014663742e-43
5917,5.458341131141535e-35,2.6646026244575986e-10,2.7222926287401632e-43
5918,5.386046286058425e-35,2.7378301257834206e-10,2.724271938788237e-43
5919,5.314708974500616e-35,2.7639252674961815e-10,2.7262436487675357e-43
5920,5.244316514091499e-35,2.76664759754175e-10,2.728191160082295e-43
5921,5.174856390430495e-35,2.8222934374804073e-10,2.730151528594045e-43
5922,5.106316254868306e-35,2.823520839822563e-10,2.7320867736052863e-43
5923,5.038683922311279e-35,2.8269380576632393e-10,2.7339986977536262e-43
5924,4.971947369055571e-35,2.9092463571154643e-10,2.7359402284980824e-43
5925,4.906094730649281e-35,2.9642570100156844e-10,2.737892269948321e-43
5926,4.841114299783251e-35,2.970860692330439e-10,2.739822748026627e-43
5927,4.776994524209741e-35,3.011530123056333e-10,2.7417537343828595e-43
5928,4.713724004688661e-35,3.0231885165134423e-10,2.7436665214633592e-43
5929,4.6512914929610787e-35,3.0232500238696856e-10,2.745554012389066e-43
5930,4.5896858897492325e-35,3.0351019733630434e-10,2.747423805267851e-43
5931,4.5288962427836976e-35,3.102273796865267e-10,2.7493096665568696e-43
5932,4.468911744856019e-35,3.1093477941260904e-10,2.7511747932200013e-43
5933,4.4097217318974694e-35,3.111905984169748e-10,2.7530167307752893e-43
5934,4.3513156810831855e-35,3.117138012463614e-10,2.7548373279868e-43
5935,4.2936832089614176e-35,3.20812952984078e-10,2.756686252343716e-43
5936,4.2368140696076143e-35,3.275173206290437e-10,2.7585488151584797e-43
5937,4.180698152802656e-35,3.303906646895137e-10,2.760402832663765e-43
5938,4.1253254822358206e-35,3.3247868622881486e-10,2.7622438559400692e-43
5939,4.070686213730947e-35,3.370122271697313e-10,2.7640852660970444e-43
5940,4.0167706334963924e-35,3.3953431900160885e-10,2.765915885078896e-43
5941,3.963569156398117e-35,3.3961821157782055e-10,2.7677227041294373e-43
5942,3.911072324255626e-35,3.4482281527356846e-10,2.769532914674669e-43
5943,3.859270804160552e-35,3.543080215073111e-10,2.7713682840842646e-43
5944,3.8081553868172236e-35,3.5661161504437884e-10,2.773191119237512e-43
5945,3.7577169849057657e-35,3.5662044345219677e-10,2.7749898557631805e-43
5946,3.7079466314663286e-35,3.639337884226128e-10,2.7768011670910153e-43
5947,3.658835478304996e-35,3.6596046873805054e-10,2.778598441154134e-43
5948,3.610374794420747e-35,3.6606078931704596e-10,2.780372396773485e-43
5949,3.5625559644533085e-35,3.746467079716739e-10,2.782163913496121e-43
5950,3.5153704871513074e-35,3.759309274534201e-10,2.783937761520568e-43
5951,3.468809973861221e-35,3.7703875427022317e-10,2.785693273313476e-43
5952,3.422866147035837e-35,3.802719708575728e-10,2.7874403882710387e-43
5953,3.377530838762713e-35,3.850951304741143e-10,2.789186228916491e-43
5954,3.332795989312087e-35,3.8555965984586926e-10,2.7909110242502348e-43
5955,3.2886536457040144e-35,3.8842294251780653e-10,2.792625614149623e-43
5956,3.245095960294528e-35,3.9192268417691067e-10,2.7943327386478447e-43
5957,3.2021151893802977e-35,3.9281231461326694e-10,2.7960210762585127e-43
5958,3.159703691822228e-35,3.9453217658449476e-10,2.797694346302892e-43
5959,3.11785392768683e-35,3.9469066057512415e-10,2.7993461174080436e-43
5960,3.076558456905812e-35,4.01071679115166e-10,2.801002361788643e-43
5961,3.0358099379533846e-35,4.030341968644888e-10,2.8026446664495838e-43
5962,2.9956011265410785e-35,4.0567005634111614e-10,2.804275817528688e-43
5963,2.9559248743298957e-35,4.082045741971437e-10,2.8058954202926483e-43
5964,2.9167741276593047e-35,4.0847386848620117e-10,2.807494625987314e-43
5965,2.8781419262934933e-35,4.1154328132245613e-10,2.809084508278794e-43
5966,2.8400214021838043e-35,4.154619982600759e-10,2.810668271190927e-43
5967,2.802405778247773e-35,4.199326924972032e-10,2.812247874214869e-43
5968,2.7652883671642957e-35,4.2932165774289705e-10,2.8138414050606174e-43
5969,2.7286625701847547e-35,4.468792898597683e-10,2.815478136075094e-43
5970,2.692521875959929e-35,4.719629584690076e-10,2.817183842971841e-43
5971,2.6568598593822484e-35,4.751728671940108e-10,2.818878405238555e-43
5972,2.6216701804437683e-35,4.760085999841931e-10,2.820553464219095e-43
5973,2.586946583108885e-35,4.821211123461988e-10,2.8222275621562706e-43
5974,2.552682894202175e-35,4.834657566189161e-10,2.823884094184454e-43
5975,2.5188730223109225e-35,4.86108818890792e-10,2.825527621873645e-43
5976,2.485510956702189e-35,4.862791092885438e-10,2.827149949428469e-43
5977,2.452590766254256e-35,5.018206592192286e-10,2.8288019525956893e-43
5978,2.4201065984020473e-35,5.037833386235336e-10,2.8304384508489887e-43
5979,2.3880526780968694e-35,5.057980316566722e-10,2.8320597318287127e-43
5980,2.3564233067795786e-35,5.135451235911576e-10,2.8336840427689374e-43
5981,2.3252128613675254e-35,5.246646391498013e-10,2.8353215444769194e-43
5982,2.2944157932548805e-35,5.292026361033975e-10,2.8369513334398663e-43
5983,2.2640266273262323e-35,5.292565790952206e-10,2.8385597000399618e-43
5984,2.2340399609830912e-35,5.452045703239931e-10,2.840194586793868e-43
5985,2.2044504631836068e-35,5.543806995485398e-10,2.8418349714428047e-43
5986,2.175252873494683e-35,5.5873937308377e-10,2.843466355738639e-43
5987,2.1464420011568087e-35,5.736200434015774e-10,2.845119005122728e-43
5988,2.1180127241612435e-35,5.796745373705181e-10,2.8467669779217462e-43
5989,2.0899599883394227e-35,5.816234480572809e-10,2.848398590815359e-43
5990,2.062278806464457e-35,5.895483723471024e-10,2.8500305303872617e-43
5991,2.0349642573643816e-35,5.968763528981812e-10,2.8516608712320528e-43
5992,2.0080114850474459e-35,5.972092411739158e-10,2.853270515702346e-43
5993,1.9814156978386957e-35,6.057022444259983e-10,2.8548814285028076e-43
5994,1.9551721675281358e-35,6.121256160976703e-10,2.8564878622188005e-43
5995,1.929276228530147e-35,6.204655373546586e-10,2.8580946159893695e-43
5996,1.9037232770540376e-35,6.226798334996952e-10,2.8596857467464265e-43
5997,1.8785087702856047e-35,6.239596828276343e-10,2.8612590303110152e-43
5998,1.853628225579404e-35,6.359706661078621e-10,2.862841359970008e-43
5999,1.8290772196619862e-35,6.601528893152923e-10,2.864462101719206e-43
6000,1.8048513878454153e-35,6.905700898125481e-10,2.8661350652045415e-43
6001,1.7809464232513407e-35,7.063798404017255e-10,2.8678236637120185e-43
6002,1.7573580760453195e-35,7.181001033003169e-10,2.8695175431685512e-43
6003,1.7340821526812779e-35,7.239001723634608e-10,2.871202487662066e-43
6004,1.7111145151560053e-35,7.253325866954197e-10,2.872868405255715e-43
6005,1.6884510802734016e-35,7.34729588878175e-10,2.8745335548751012e-43
6006,1.6660878189187114e-35,7.439659134196633e-10,2.87619730529118e-43
6007,1.6440207553421275e-35,7.456350807652622e-10,2.877842702964398e-43
6008,1.6222459664520057e-35,7.522896715763221e-10,2.879480797842677e-43
6009,1.600759581117416e-35,7.524123262652415e-10,2.88109745995994e-43
6010,1.5795577794799315e-35,7.575513805686451e-10,2.882703605370042e-43
6011,1.5586367922745536e-35,7.664945905392659e-10,2.8843071877222086e-43
6012,1.5379929001595223e-35,7.670435559924976e-10,2.8858906641639526e-43
6013,1.5176224330552245e-35,7.754378124056617e-10,2.8874702672088563e-43
6014,1.497521769491635e-35,7.783811089660264e-10,2.8890348648884143e-43
6015,1.4776873359645133e-35,8.229254264678034e-10,2.8906670908553197e-43
6016,1.4581156063001042e-35,8.288808890046981e-10,2.892289354123679e-43
6017,1.4388031010282535e-35,8.322691821016548e-10,2.8938966744203726e-43
6018,1.4197463867638467e-35,8.353514621787721e-10,2.895488579832882e-43
6019,1.400942075596338e-35,8.365686438173319e-10,2.8970616895420143e-43
6020,1.3823868244875703e-35,8.37517713135315e-10,2.898615724689541e-43
6021,1.364077334677365e-35,8.419130692954482e-10,2.9001572245658756e-43
6022,1.3460103510970887e-35,8.428542413237443e-10,2.9016800079397317e-43
6023,1.3281826617909655e-35,8.43836908102178e-10,2.9031843741620004e-43
6024,1.310591097345072e-35,8.683626046749268e-10,2.904711959834255e-43
6025,1.2932325303238038e-35,8.854189355363092e-10,2.9062489202276956e-43
6026,1.2761038747139917e-35,8.951501832057847e-10,2.9077821921484146e-43
6027,1.2592020853761916e-35,8.991578338869355e-10,2.9093019297773937e-43
6028,1.2425241575033397e-35,9.050957088321427e-10,2.9108114418723867e-43
6029,1.226067126086555e-35,9.189684445215314e-10,2.912323791128639e-43
6030,1.2098280653880192e-35,9.218655243834189e-10,2.913820814149274e-43
6031,1.193804088420856e-35,9.384789991475694e-10,2.9153246307359247e-43
6032,1.1779923464358111e-35,9.43022318845945e-10,2.9168157132950978e-43
6033,1.1623900284149045e-35,9.729271407448126e-10,2.918333705161205e-43
6034,1.1469943605716175e-35,9.83412247403385e-10,2.9198477339926093e-43
6035,1.1318026058577851e-35,9.983900016823122e-10,2.9213644635940395e-43
6036,1.1168120634770022e-35,9.989902699100717e-10,2.922862004191947e-43
6037,1.1020200684044752e-35,9.990891597526137e-10,2.9243398563847546e-43
6038,1.087423990913248e-35,9.993281620138498e-10,2.9257984835139465e-43
6039,1.0730212361066263e-35,1.0207196336591641e-09,2.927268600974936e-43
6040,1.0588092434569489e-35,1.0252814630122592e-09,2.928725730236554e-43
6041,1.044785486350314e-35,1.0281992559101126e-09,2.930167651898765e-43
6042,1.0309474716374116e-35,1.0390825174374554e-09,2.931605535815187e-43
6043,1.0172927391902912e-35,1.0475099920912418e-09,2.933035882682956e-43
6044,1.0038188614649991e-35,1.0540163456659908e-09,2.9344560514191522e-43
6045,9.905234430700222e-36,1.0604694171804333e-09,2.9358659898788015e-43
6046,9.774041203403783e-36,1.067314640345887e-09,2.9372662344008784e-43
6047,9.644585609174878e-36,1.070486549372142e-09,2.9386520391245084e-43
6048,9.516844633344688e-36,1.0926889606245894e-09,2.940047850665599e-43
6049,9.390795566069961e-36,1.1051779766688576e-09,2.9414409171969158e-43
6050,9.26641599829564e-36,1.1295150539940175e-09,2.9428458031390196e-43
6051,9.143683817770983e-36,1.1372372656743466e-09,2.9442415592329206e-43
6052,9.022577205118552e-36,1.1379557788041461e-09,2.9456196989301127e-43
6053,8.903074629954654e-36,1.1421071151181501e-09,2.946984546343809e-43
6054,8.785154847062426e-36,1.1491407901261633e-09,2.948339610668652e-43
6055,8.668796892614335e-36,1.150402665336205e-09,2.9496781956779535e-43
6056,8.553980080445356e-36,1.1693480474835682e-09,2.9510208038292344e-43
6057,8.440683998375369e-36,1.170744207414346e-09,2.952347211147296e-43
6058,8.328888504580397e-36,1.1881536539047183e-09,2.953675513391722e-43
6059,8.218573724011305e-36,1.1911355026836143e-09,2.9549895119077877e-43
6060,8.109720044861125e-36,1.1923133732282096e-09,2.956287388881546e-43
6061,8.00230811507798e-36,1.1956999336412038e-09,2.957571713254686e-43
6062,7.896318838924792e-36,1.2112035830784525e-09,2.958855459165132e-43
6063,7.791733373584425e-36,1.213066055006857e-09,2.960124149943647e-43
6064,7.68853312580981e-36,1.2160832357585784e-09,2.9613791508560956e-43
6065,7.586699748618536e-36,1.2166532432379523e-09,2.962618109942392e-43
6066,7.486215138030678e-36,1.22668549125775e-09,2.96385074008142e-43
6067,7.387061429850924e-36,1.228542795011989e-09,2.96506888581925e-43
6068,7.289220996492228e-36,1.230997078829099e-09,2.966273298695809e-43
6069,7.192676443842082e-36,1.2329190803388423e-09,2.9674636149064607e-43
6070,7.097410608170184e-36,1.2431912446861685e-09,2.9686479514347107e-43
6071,7.003406553077062e-36,1.2555279303323097e-09,2.96982819860205e-43
6072,6.910647566483215e-36,1.2599681675025164e-09,2.9709969323056304e-43
6073,6.819117157657634e-36,1.2625115738894853e-09,2.972152514310682e-43
6074,6.72879905428667e-36,1.2818310871129236e-09,2.9733102398369816e-43
6075,6.639677199580735e-36,1.2895953816875716e-09,2.9744595511593435e-43
6076,6.551735749419822e-36,1.3155853457775473e-09,2.975616495990525e-43
6077,6.464959069536731e-36,1.3248589267598137e-09,2.9767661645803016e-43
6078,6.379331732737601e-36,1.351740407118689e-09,2.977923623891355e-43
6079,6.294838516159347e-36,1.3694832944984856e-09,2.9790807443773785e-43
6080,6.211464398562971e-36,1.3863149820312708e-09,2.9802365722607533e-43
6081,6.129194557663627e-36,1.3979664037362664e-09,2.9813866769969334e-43
6082,6.048014367495143e-36,1.3993452669758758e-09,2.982522668145778e-43
6083,5.967909395809903e-36,1.3999575662063052e-09,2.983644103757793e-43
6084,5.8888654015130716e-36,1.4042680898803855e-09,2.9847540933466702e-43
6085,5.810868332130815e-36,1.4088611940945971e-09,2.985852963789728e-43
6086,5.7339043213121215e-36,1.4166864978482366e-09,2.9869433025391987e-43
6087,5.6579596863633095e-36,1.4284877210617226e-09,2.9880281623242477e-43
6088,5.5830209258160066e-36,1.4324251642360452e-09,2.989101603988094e-43
6089,5.5090747170265216e-36,1.4343968336591257e-09,2.9901622860655813e-43
6090,5.436107913807425e-36,1.4400759427852135e-09,2.991213063444959e-43
6091,5.364107544090411e-36,1.4410547892612944e-09,2.992250628221052e-43
6092,5.293060807620122e-36,1.447138316780209e-09,2.9932787727673354e-43
6093,5.222955073678583e-36,1.4840511011177584e-09,2.9943191776838414e-43
6094,5.1537778788394136e-36,1.4862323278293285e-09,2.9953473115170268e-43
6095,5.0855169247525207e-36,1.4984580481736508e-09,2.996370173277302e-43
6096,5.0181600759573956e-36,1.5064485013940113e-09,2.9973848695165626e-43
6097,4.9516953577257386e-36,1.5093641956846425e-09,2.998388064176314e-43
6098,4.8861109539325915e-36,1.5201121980281835e-09,2.9993850206983774e-43
6099,4.8213952049557236e-36,1.5521006924972837e-09,3.000389474286402e-43
6100,4.757536605602513e-36,1.5545819545981397e-09,3.0013822085484063e-43
6101,4.6945238030649544e-36,1.5569165114499885e-09,3.002363265275441e-43
6102,4.6323455949010817e-36,1.5599757073512208e-09,3.0033332302180636e-43
6103,4.5709909270434574e-36,1.561096034838082e-09,3.004291035505177e-43
6104,4.510448891833981e-36,1.5853072607263502e-09,3.0052508127851444e-43
6105,4.450708726084717e-36,1.6090905823395629e-09,3.0062120861660896e-43
6106,4.391759809164476e-36,1.637166942071867e-09,3.007177178346617e-43
6107,4.333591661110423e-36,1.6437967385600516e-09,3.0081333444672106e-43
6108,4.2761939407653205e-36,1.6448347566353367e-09,3.009077442120963e-43
6109,4.219556443938825e-36,1.6496126260554633e-09,3.010011741419695e-43
6110,4.1636691015934415e-36,1.6532114415221616e-09,3.0109356773577116e-43
6111,4.1085219780544496e-36,1.6907100480873538e-09,3.0118680553166164e-43
6112,4.05410526924353e-36,1.6921540643772728e-09,3.0127888698664608e-43
6113,4.000409300935852e-36,1.6973373222120417e-09,3.01370027157707e-43
6114,3.947424527039959e-36,1.7023248510769973e-09,3.0146022445503866e-43
6115,3.895141527901e-36,1.7058644954249134e-09,3.0154941216698416e-43
6116,3.843551008625871e-36,1.7101134734964728e-09,3.0163763780910125e-43
6117,3.7926437974308236e-36,1.7264419925563542e-09,3.0172552615623232e-43
6118,3.742410844010902e-36,1.7606860877235177e-09,3.0181397061846403e-43
6119,3.692843217930974e-36,1.7665839582668587e-09,3.0190153599154622e-43
6120,3.6439321070381274e-36,1.7725848632408225e-09,3.0198823508635916e-43
6121,3.595668815894835e-36,1.7736161465823854e-09,3.0207383563881813e-43
6122,3.5480447642333884e-36,1.7843255377356642e-09,3.021588124504081e-43
6123,3.501051485430284e-36,1.8058495795399156e-09,3.022436752431759e-43
6124,3.4546806250010756e-36,1.8246755423253252e-09,3.0232828701807765e-43
6125,3.408923939115113e-36,1.8362684771738354e-09,3.0241230857799e-43
6126,3.363773293129949e-36,1.8520754679959965e-09,3.024959309817833e-43
6127,3.319220660145207e-36,1.873544212113407e-09,3.0257940230944626e-43
6128,3.275258119575364e-36,1.875781380886719e-09,3.0266186642450363e-43
6129,3.231877855741913e-36,1.8774628367779715e-09,3.0274331125770056e-43
6130,3.1890721564836975e-36,1.8776301178602856e-09,3.0282368452784387e-43
6131,3.146833411785887e-36,1.974944881937095e-09,3.0290710372050424e-43
6132,3.105154112427066e-36,2.0021084291876214e-09,3.0299055019707318e-43
6133,3.064026848644286e-36,2.0113536170777786e-09,3.030732716678432e-43
6134,3.023444308815578e-36,2.0539756971561967e-09,3.0315662721838025e-43
6135,2.9833992781603548e-36,2.080533653827258e-09,3.0323994225232697e-43
6136,2.9438846374565855e-36,2.119557215000024e-09,3.033236957941288e-43
6137,2.9048933617751848e-36,2.1472078503745542e-09,3.03407418167368e-43
6138,2.866418519231115e-36,2.181607441859872e-09,3.034913551701865e-43
6139,2.8284532697510355e-36,2.2040611200554264e-09,3.0357503290047877e-43
6140,2.7909908638573087e-36,2.2066543219844574e-09,3.036576994803561e-43
6141,2.7540246414679177e-36,2.2102925024372267e-09,3.037394056445468e-43
6142,2.7175480307126736e-36,2.2329735291934768e-09,3.03820856950798e-43
6143,2.6815545467647047e-36,2.2373002872038516e-09,3.0390138518277224e-43
6144,2.6460377906876222e-36,2.2416428065395693e-09,3.0398100106354404e-43
6145,2.610991448297914e-36,2.25358476185774e-09,3.0405998096671236e-43
6146,2.576409289042407e-36,2.3090205333666127e-09,3.041398318825215e-43
6147,2.542285164890633e-36,2.334572389235976e-09,3.042194971205731e-43
6148,2.5086130092416847e-36,2.3414685089989567e-09,3.042983394126552e-43
6149,2.4753868358459098e-36,2.3463125392412087e-09,3.0437629839992474e-43
6150,2.4426007377405277e-36,2.3479909341775877e-09,3.0445327986104323e-43
6151,2.410248886199525e-36,2.3626683187251336e-09,3.0452971655573127e-43
6152,2.3783255296974205e-36,2.366217822750581e-09,3.0460525417084856e-43
6153,2.3468249928867578e-36,2.3707598573639602e-09,3.046799343790047e-43
6154,2.3157416755891716e-36,2.4178876766442827e-09,3.0475509034884777e-43
6155,2.285070051799655e-36,2.418021931541767e-09,3.048292550078468e-43
6156,2.254804668704341e-36,2.4375162162421927e-09,3.0490302736993243e-43
6157,2.2249401457109676e-36,2.4439185101712663e-09,3.0497601383047337e-43
6158,2.195471173492347e-36,2.445573910501275e-09,3.050480823801005e-43
6159,2.16639251304247e-36,2.462294665985589e-09,3.0511968261062023e-43
6160,2.1376989947451154e-36,2.522450596032121e-09,3.0519206059295164e-43
6161,2.1093855174548218e-36,2.5244340333286307e-09,3.0526353609862513e-43
6162,2.0814470475898835e-36,2.57316892729493e-09,3.0533542650115777e-43
6163,2.053878618237661e-36,2.575810756139207e-09,3.054064375580131e-43
6164,2.0266753282714385e-36,2.5906840829831735e-09,3.0547691268833338e-43
6165,1.9998323414791308e-36,2.6107588733960925e-09,3.0554699325428985e-43
6166,1.9733448857034985e-36,2.658640575343823e-09,3.056174138789526e-43
6167,1.947208251993754e-36,2.7217594138949184e-09,3.0568855150779962e-43
6168,1.9214177937684266e-36,2.7233764674759042e-09,3.057587886348159e-43
6169,1.8959689259891848e-36,2.7466652124726666e-09,3.0582868815464195e-43
6170,1.870857124345869e-36,2.8234274988990756e-09,3.058995895059486e-43
6171,1.8460779244520493e-36,2.8622747302042545e-09,3.0597051438363936e-43
6172,1.82162692105137e-36,2.890480397578825e-09,3.0604118952967014e-43
6173,1.7974997672343848e-36,2.9486933766629043e-09,3.06112333108328e-43
6174,1.7736921736657835e-36,2.9776378763663744e-09,3.06183223500683e-43
6175,1.7501999078217332e-36,2.9847519221731544e-09,3.0625334208631724e-43
6176,1.7270187932375697e-36,2.996565636999458e-09,3.063228058177075e-43
6177,1.7041447087652025e-36,3.0017350866006838e-09,3.0639146775964207e-43
6178,1.6815735878404802e-36,3.012811983045662e-09,3.0645947030323486e-43
6179,1.6593014177602362e-36,3.0303214908554546e-09,3.06526962138877e-43
6180,1.6373242389689078e-36,3.0617475648135803e-09,3.0659425071252285e-43
6181,1.615638144354628e-36,3.0623506498095016e-09,3.066606611384567e-43
6182,1.5942392785545247e-36,3.0648700030593304e-09,3.0672624588034694e-43
6183,1.5731238372694538e-36,3.0715896086742994e-09,3.0679110385038073e-43
6184,1.5522880665875733e-36,3.098493005518527e-09,3.068556633401031e-43
6185,1.5317282623169968e-36,3.2838833060139396e-09,3.0692317933812215e-43
6186,1.5114407693272598e-36,3.3175387294675546e-09,3.069904838818394e-43
6187,1.4914219808995093e-36,3.3414759673293464e-09,3.070573761822658e-43
6188,1.4716683380853216e-36,3.3819509948549372e-09,3.0712418203423323e-43
6189,1.4521763290739053e-36,3.402813598502551e-09,3.0719050970755942e-43
6190,1.432942488567898e-36,3.4098991678439238e-09,3.072560951642953e-43
6191,1.4139633971672189e-36,3.488388841038681e-09,3.073223016149505e-43
6192,1.3952356807611883e-36,3.4910136855006284e-09,3.0738768032922213e-43
6193,1.3767560099286762e-36,3.506304328831913e-09,3.0745247567905756e-43
6194,1.3585210993461974e-36,3.5326301145649996e-09,3.075168928733176e-43
6195,1.3405277072038626e-36,3.5517298317382534e-09,3.075808005409637e-43
6196,1.3227726346289737e-36,3.5772963373018947e-09,3.076443156970544e-43
6197,1.3052527251174408e-36,3.616539454636856e-09,3.077076771410445e-43
6198,1.2879648639725408e-36,3.6386588056371403e-09,3.0777058176923005e-43
6199,1.2709059777512048e-36,3.7003923149696896e-09,3.078337063407054e-43
6200,1.2540730337176196e-36,3.829942947039161e-09,3.0789817555598475e-43
6201,1.237463039304068e-36,3.917622361512213e-09,3.079632472415239e-43
6202,1.2210730415789247e-36,3.926704024324937e-09,3.0802760591154986e-43
6203,1.2049001267216139e-36,3.946884374449618e-09,3.0809143853648948e-43
6204,1.1889414195046943e-36,4.00616530344102e-09,3.0815537175562967e-43
6205,1.173194082782629e-36,4.067131427269467e-09,3.0821941824370778e-43
6206,1.1576553169874153e-36,4.123484148091777e-09,3.0828349209814527e-43
6207,1.142322359630875e-36,4.164424541544948e-09,3.083473450420553e-43
6208,1.1271924848135554e-36,4.20868136963598e-09,3.084110218643239e-43
6209,1.1122630027400525e-36,4.263665219479249e-09,3.084746761777855e-43
6210,1.0975312592409156e-36,4.315130600437466e-09,3.085382455749564e-43
6211,1.0829946353007227e-36,4.384967072520674e-09,3.0860198819227976e-43
6212,1.0686505465924874e-36,4.398704493460689e-09,3.086650835997353e-43
6213,1.0544964430182158e-36,4.402065701890529e-09,3.087273908936206e-43
6214,1.0405298082555498e-36,4.464447587561061e-09,3.087897442024931e-43
6215,1.0267481593104277e-36,4.479677074283648e-09,3.088514815393184e-43
6216,1.0131490460755994e-36,4.524371254166782e-09,3.0891300897632023e-43
6217,9.99730050895132e-37,4.525591895540555e-09,3.0897373787215527e-43
6218,9.864887881345399e-37,4.5570266186162176e-09,3.0903407865901937e-43
6219,9.734229037566804e-37,4.589460189492212e-09,3.0909404401521207e-43
6220,9.605300749032514e-37,4.696101475716914e-09,3.091545900478168e-43
6221,9.478080094818337e-37,4.772074489648693e-09,3.0921530069167e-43
6222,9.352544457584142e-37,4.7754363326294585e-09,3.092752494359788e-43
6223,9.228671519552412e-37,4.786715534357547e-09,3.0933454388765507e-43
6224,9.10643925854138e-37,4.836940533018703e-09,3.0939366690542776e-43
6225,8.985825944049381e-37,4.881684152837681e-09,3.0945254651602543e-43
6226,8.866810133391725e-37,4.929137404749101e-09,3.0951121104443235e-43
6227,8.749370667888617e-37,4.941940925765532e-09,3.0956924893451934e-43
6228,8.633486669103546e-37,4.964361226033386e-09,3.0962677793754796e-43
6229,8.51913753513164e-37,5.030214937491481e-09,3.0968429800972742e-43
6230,8.406302936936559e-37,5.083344638777616e-09,3.0974165572470778e-43
6231,8.29496281473712e-37,5.106045303895528e-09,3.0979850649551694e-43
6232,8.185097374440582e-37,5.1195481069007075e-09,3.0985475263620534e-43
6233,8.076687084123753e-37,5.120643044259494e-09,3.0991026567610903e-43
6234,7.969712670560605e-37,5.1514569617056506e-09,3.0996537308485647e-43
6235,7.86415511579587e-37,5.186921620402379e-09,3.100201249611571e-43
6236,7.759995653764134e-37,5.22667967361522e-09,3.100745657754587e-43
6237,7.657215766953149e-37,5.264075616779255e-09,3.101286698850644e-43
6238,7.555797183112448e-37,5.345218923549027e-09,3.1018288033841887e-43
6239,7.455721872004462e-37,5.400396067150719e-09,3.1023692497007153e-43
6240,7.356972042199196e-37,5.4505221866538075e-09,3.102907487838997e-43
6241,7.259530137911267e-37,5.456363784141005e-09,3.1034391663166114e-43
6242,7.163378835878832e-37,5.459962820365017e-09,3.103964148850838e-43
6243,7.068501042283944e-37,5.4661488350424936e-09,3.1044827649917683e-43
6244,6.97487988971321e-37,5.555013605086891e-09,3.1050028317680226e-43
6245,6.882498734159699e-37,5.593365509163004e-09,3.1055195533371924e-43
6246,6.7913411520635595e-37,5.6987031910822146e-09,3.106039033341175e-43
6247,6.701390937392331e-37,5.743196190129534e-09,3.106555635071376e-43
6248,6.612632098759831e-37,5.772404448437099e-09,3.1070679869863367e-43
6249,6.525048856583292e-37,5.778032997376206e-09,3.10757404584965e-43
6250,6.43862564027769e-37,5.816404316753954e-09,3.108076718218038e-43
6251,6.353347085488158e-37,5.840275985378234e-09,3.108574768513643e-43
6252,6.2691980313581295e-37,5.876151414806591e-09,3.1090692410971236e-43
6253,6.186163517834131e-37,5.905843697221572e-09,3.109559629955471e-43
6254,6.104228783006177e-37,5.912882126524626e-09,3.1100441003845767e-43
6255,6.023379260483389e-37,5.931485801088439e-09,3.1105236581794453e-43
6256,5.943600576804465e-37,5.939328809028288e-09,3.110997490013766e-43
6257,5.8648785488820195e-37,6.036050858099199e-09,3.1114726601779584e-43
6258,5.787199181481616e-37,6.136573939130829e-09,3.1119493453595557e-43
6259,5.710548664733351e-37,6.259929268250834e-09,3.112429172172775e-43
6260,5.634913371676811e-37,6.272192346345769e-09,3.1129035712789977e-43
6261,5.560279855838472e-37,6.364078800483352e-09,3.11337854485495e-43
6262,5.4866348488411704e-37,6.3700662317105715e-09,3.1138476684271575e-43
6263,5.413965258045333e-37,6.370405180508896e-09,3.114310603164829e-43
6264,5.342258164221048e-37,6.468693363228793e-09,3.1147744543667463e-43
6265,5.271500819251741e-37,6.71301616722105e-09,3.115249449567475e-43
6266,5.201680643867506e-37,6.717824583089131e-09,3.115718489258067e-43
6267,5.132785225408828e-37,6.814117325809799e-09,3.116187950722655e-43
6268,5.064802315619862e-37,6.866587896724712e-09,3.116654761348196e-43
6269,4.9977198284709255e-37,6.9108569730141694e-09,3.1171183588222762e-43
6270,4.931525838009918e-37,6.9542766271312654e-09,3.117578690142996e-43
6271,4.866208576241833e-37,7.00422316985374e-09,3.1180361868212632e-43
6272,4.801756431037063e-37,7.037502323031455e-09,3.1184897689428663e-43
6273,4.73815794406671e-37,7.063366869358886e-09,3.118938988388674e-43
6274,4.675401808765587e-37,7.151355078345189e-09,3.1193877797955572e-43
6275,4.613476868322133e-37,7.231594553600679e-09,3.1198355958576e-43
6276,4.552372113694951e-37,7.241133356650682e-09,3.120278063534581e-43
6277,4.492076681655681e-37,7.345312703579406e-09,3.120720952337507e-43
6278,4.432579852857474e-37,7.362781617279558e-09,3.1211590144948687e-43
6279,4.373871049929683e-37,7.4061469907312965e-09,3.1215938205190018e-43
6280,4.3159398355971645e-37,7.567218343505206e-09,3.1220321986667602e-43
6281,4.258775910824793e-37,7.576036934366978e-09,3.122465274672149e-43
6282,4.202369112986497e-37,7.742333003506168e-09,3.1229019948846745e-43
6283,4.1467094140586026e-37,8.04742353156786e-09,3.1233499120555867e-43
6284,4.0917869188368095e-37,8.077958325993993e-09,3.123793573683148e-43
6285,4.037591863177374e-37,8.156268719389344e-09,3.1242356031203688e-43
6286,3.984114612260999e-37,8.190419920173814e-09,3.1246736042615504e-43
6287,3.931345658880006e-37,8.287212313313909e-09,3.12511091178177e-43
6288,3.879275621748149e-37,8.398220394686712e-09,3.1255482074295627e-43
6289,3.827895243832796e-37,8.547796116819971e-09,3.1259873964243883e-43
6290,3.777195390709272e-37,8.554926701791734e-09,3.1264211299516517e-43
6291,3.727167048936714e-37,8.574000510956842e-09,3.126850072979572e-43
6292,3.6778013244559876e-37,8.59037827915531e-09,3.1272741432268858e-43
6293,3.629089441008279e-37,8.72002286802537e-09,3.1276989119644942e-43
6294,3.5810227385749023e-37,8.937715984543367e-09,3.1281285184991574e-43
6295,3.5335926718377177e-37,9.142550709076714e-09,3.128562150289437e-43
6296,3.4867908086599407e-37,9.145540557386157e-09,3.1289901786272904e-43
6297,3.4406088285871245e-37,9.158791934135038e-09,3.129413149773884e-43
6298,3.395038521367747e-37,9.178934801001222e-09,3.129831436652712e-43
6299,3.3500717854938866e-37,9.573925880189826e-09,3.1302619448490427e-43
6300,3.3057006267607343e-37,9.596097295401695e-09,3.1306877348053557e-43
6301,3.26191715684543e-37,9.668082717202608e-09,3.131111037014143e-43
6302,3.218713591904673e-37,9.924099905385878e-09,3.1315397935088842e-43
6303,3.1760822511909094e-37,9.967867212494996e-09,3.1319647370522097e-43
6304,3.134015555686886e-37,9.972664766137757e-09,3.1323842541042904e-43
6305,3.0925060267580754e-37,1.0300299748871946e-08,3.1328118146946916e-43
6306,3.051546284823386e-37,1.0505310374767747e-08,3.1332421094965857e-43
6307,3.011129048043041e-37,1.0638644499871879e-08,3.133672094110359e-43
6308,2.9712471310240522e-37,1.0661856136076344e-08,3.134097309372046e-43
6309,2.9318934435427984e-37,1.0764238118625369e-08,3.1345209218349404e-43
6310,2.893060989284524e-37,1.0947955532733615e-08,3.134946057817387e-43
6311,2.854742864599571e-37,1.110533291765636e-08,3.1353715933487937e-43
6312,2.8169322572758813e-37,1.1160610424960883e-08,3.1357935828070646e-43
6313,2.7796224453281656e-37,1.1379928785301648e-08,3.1362181658100225e-43
6314,2.7428067958027013e-37,1.1602572213070002e-08,3.1366453220422127e-43
6315,2.706478763598165e-37,1.182845776729652e-08,3.137075026636913e-43
6316,2.6706318903020408e-37,1.183997713299001e-08,3.1374994527970283e-43
6317,2.6352598030424415e-37,1.193496484378895e-08,3.137921617414923e-43
6318,2.600356213355175e-37,1.196746348473309e-08,3.1383393248499914e-43
6319,2.5659149160656268e-37,1.2075288166507544e-08,3.138755213439591e-43
6320,2.5319297881858295e-37,1.213256848407094e-08,3.1391675403310325e-43
6321,2.4983947878257618e-37,1.2151726286029653e-08,3.13957504847641e-43
6322,2.4653039531192587e-37,1.2157995074842091e-08,3.139977366681794e-43
6323,2.4326514011641084e-37,1.2211911869867594e-08,3.140376116768597e-43
6324,2.40043132697622e-37,1.2359692622365408e-08,3.140774346981829e-43
6325,2.3686380024574767e-37,1.2364281982087944e-08,3.141167448611327e-43
6326,2.3372657753775952e-37,1.24503585079044e-08,3.1415580440856627e-43
6327,2.306309068369135e-37,1.2865100922926256e-08,3.141956305245568e-43
6328,2.275762377935984e-37,1.2986889360757718e-08,3.1423530117345605e-43
6329,2.245620273474946e-37,1.3007094774691462e-08,3.142745072943994e-43
6330,2.2158773963102846e-37,1.3567751943476467e-08,3.1431486169234494e-43
6331,2.186528458741089e-37,1.3577072691509044e-08,3.143547089582245e-43
6332,2.157568243101097e-37,1.3582364284163492e-08,3.1439404377808154e-43
6333,2.1289916008312856e-37,1.3697039145468584e-08,3.144331853168631e-43
6334,2.1007934515644314e-37,1.3749773427877495e-08,3.144719571332136e-43
6335,2.072968782221953e-37,1.3750322860649468e-08,3.145102169519086e-43
6336,2.0455126461226846e-37,1.4048513840332112e-08,3.1454878874270787e-43
6337,2.0184201621034507e-37,1.4108988843978596e-08,3.1458701349818616e-43
6338,1.9916865136513207e-37,1.4117342677403406e-08,3.1462475430580777e-43
6339,1.9653069480472145e-37,1.424649099170037e-08,3.1466233593018214e-43
6340,1.939276775521131e-37,1.4273223298081472e-08,3.1469948937667736e-43
6341,1.9135913684182863e-37,1.428647259694183e-08,3.1473618476314895e-43
6342,1.8882461603764352e-37,1.4432837777641782e-08,3.1477276509075982e-43
6343,1.8632366455140616e-37,1.4566837152000567e-08,3.148091960437849e-43
6344,1.8385583776293206e-37,1.4686458924142349e-08,3.148454396805457e-43
6345,1.8142069694096176e-37,1.4822623361399194e-08,3.1488153485578175e-43
6346,1.7901780916515257e-37,1.486726059152998e-08,3.149172592145169e-43
6347,1.7664674724912942e-37,1.5146150526184788e-08,3.149531716752039e-43
6348,1.7430708966452916e-37,1.515931535611626e-08,3.1498863928235416e-43
6349,1.7199842046606348e-37,1.523591903610919e-08,3.1502381397934314e-43
6350,1.697203292175722e-37,1.5352842958580004e-08,3.1505878915652656e-43
6351,1.6747241091905563e-37,1.5462449538457317e-08,3.1509354747978394e-43
6352,1.6525426593467592e-37,1.5520759263166178e-08,3.151279747740973e-43
6353,1.6306549992170014e-37,1.5597162962576264e-08,3.151621133142886e-43
6354,1.6090572376040816e-37,1.567346531014431e-08,3.1519596449103028e-43
6355,1.5877455348490516e-37,1.5988836491563424e-08,3.1523003942410097e-43
6356,1.566716102148625e-37,1.6144856380081634e-08,3.1526399114117126e-43
6357,1.5459652008816022e-37,1.614759476972191e-08,3.152974988556479e-43
6358,1.5254891419442377e-37,1.6205184998345637e-08,3.153306806879596e-43
6359,1.5052842850943033e-37,1.631398219855534e-08,3.1536364285545703e-43
6360,1.485347038304055e-37,1.634245257445244e-08,3.1539622520647052e-43
6361,1.4656738571215537e-37,1.712561774453482e-08,3.1542991674454557e-43
6362,1.4462612440405525e-37,1.713296824913931e-08,3.1546317631290055e-43
6363,1.4271057478787086e-37,1.718449053842174e-08,3.1549609405715574e-43
6364,1.4082039631640311e-37,1.725522547656015e-08,3.1552870951287185e-43
6365,1.3895525295294748e-37,1.7338216753511013e-08,3.155610477727838e-43
6366,1.3711481311154521e-37,1.7479964984493008e-08,3.155932185967676e-43
6367,1.3529874959804592e-37,1.7592966390246627e-08,3.1562516854112315e-43
6368,1.3350673955193077e-37,1.7610313029892313e-08,3.1565672639898796e-43
6369,1.317384643889163e-37,1.796038163670515e-08,3.1568848529575442e-43
6370,1.2999360974431634e-37,1.803240388334e-08,3.157199492194236e-43
6371,1.2827186541715404e-37,1.8218450174852044e-08,3.157513167326618e-43
6372,1.2657292531501622e-37,1.861567312618641e-08,3.1578294364626417e-43
6373,1.2489648739962865e-37,1.8684928311531345e-08,3.158142677685319e-43
6374,1.232422536331707e-37,1.8903461650699265e-08,3.158455385130974e-43
6375,1.2160992992528256e-37,1.9398613033199942e-08,3.1587720332905165e-43
6376,1.1999922608078368e-37,1.9423928804347307e-08,3.159084895258521e-43
6377,1.184098557480817e-37,2.0168946241004497e-08,3.1594054545064943e-43
6378,1.1684153636826483e-37,2.0398436362600377e-08,3.1597253671371486e-43
6379,1.152939891248699e-37,2.0764199195696636e-08,3.1600467029294146e-43
6380,1.1376693889430783e-37,2.081379388735961e-08,3.1603645400169602e-43
6381,1.1226011419696182e-37,2.109566985770479e-08,3.160682414780447e-43
6382,1.107732471489171e-37,2.1279576242650924e-08,3.1609988137875624e-43
6383,1.0930607341433795e-37,2.127981121409437e-08,3.1613110255884636e-43
6384,1.0785833215847405e-37,2.1431741798646223e-08,3.1616213017563327e-43
6385,1.064297660012891e-37,2.1603498671100645e-08,3.161929922027116e-43
6386,1.0502012097170526e-37,2.179233706799083e-08,3.162237116623425e-43
6387,1.036291464624461e-37,2.200966279386171e-08,3.1625432654224614e-43
6388,1.0225659518549236e-37,2.2036923706140755e-08,3.1628457335001913e-43
6389,1.009022231281132e-37,2.2257349989416324e-08,3.163147180829161e-43
6390,9.95657895094869e-38,2.293105445529681e-08,3.163453639150007e-43
6391,9.824705673789474e-38,2.3268715133939702e-08,3.163760491322007e-43
6392,9.694579036848187e-38,2.333064213187715e-08,3.1640640851218372e-43
6393,9.566175906157894e-38,2.3632677490888154e-08,3.16436753609948e-43
6394,9.43947345415691e-38,2.3820546088064424e-08,3.164669348259216e-43
6395,9.314449155631313e-38,2.3856860165964828e-08,3.1649676169799434e-43
6396,9.191080783709854e-38,2.413664332339406e-08,3.165265386818989e-43
6397,9.069346405912605e-38,2.4588615430174562e-08,3.1655647147990178e-43
6398,8.949224380251783e-38,2.480425172970851e-08,3.165862668495295e-43
6399,8.830693351384356e-38,2.5260150667932192e-08,3.1661620796600967e-43
6400,8.71373224681498e-38,2.5276746506662614e-08,3.1664577192792307e-43
6401,8.598320273150477e-38,2.5443620287326795e-08,3.1667513691226837e-43
6402,8.484436912402672e-38,2.5484719205653428e-08,3.167041597669769e-43
6403,8.372061918340825e-38,2.5532591509399023e-08,3.1673285201516943e-43
6404,8.261175312892245e-38,2.5600117360662617e-08,3.167612391163015e-43
6405,8.151757382590581e-38,2.6192311521235217e-08,3.167898982014662e-43
6406,8.043788675071268e-38,2.633608660952803e-08,3.168183329337897e-43
6407,7.937249995612821e-38,2.6625888499884786e-08,3.1684669980379157e-43
6408,7.832122403725077e-38,2.6641933474518296e-08,3.1687470782688567e-43
6409,7.728387209781485e-38,2.6797606703345335e-08,3.169025063761716e-43
6410,7.626025971696575e-38,2.6860270655015025e-08,3.1693000088176706e-43
6411,7.525020491647315e-38,2.6876609339103027e-08,3.1695714773005097e-43
6412,7.425352812837894e-38,2.7236294762776536e-08,3.169842935128347e-43
6413,7.327005216307461e-38,2.7576311891383667e-08,3.170114141527916e-43
6414,7.229960217779621e-38,2.7606825697474263e-08,3.170382051963833e-43
6415,7.134200564554703e-38,2.8075421622259814e-08,3.170650901227702e-43
6416,7.039709232442148e-38,2.8170305281646017e-08,3.17091708619491e-43
6417,6.946469422734047e-38,2.873198183268616e-08,3.171184982646772e-43
6418,6.854464559218658e-38,2.9147542720947342e-08,3.171453154215757e-43
6419,6.76367828523348e-38,2.947807783906361e-08,3.171720774700882e-43
6420,6.674094460757461e-38,2.9492994042983186e-08,3.1719849842210442e-43
6421,6.585697159541222e-38,2.958201488157529e-08,3.172246481249051e-43
6422,6.498470666276275e-38,2.9798190222048953e-08,3.172506400412922e-43
6423,6.412399473800747e-38,2.9869893536790214e-08,3.172763494148505e-43
6424,6.32746828034262e-38,3.037649685669925e-08,3.1730214853616167e-43
6425,6.243661986799367e-38,3.0516862432575e-08,3.173277235874721e-43
6426,6.160965694053634e-38,3.098286243095228e-08,3.17353345266089e-43
6427,6.079364700324549e-38,3.100878880384987e-08,3.173786487458963e-43
6428,5.998844498553692e-38,3.1591554612618167e-08,3.1740408632941293e-43
6429,5.919390773826542e-38,3.1694621787381905e-08,3.174292688869612e-43
6430,5.840989400827218e-38,3.3167905416199197e-08,3.174552729802026e-43
6431,5.763626441327365e-38,3.318153450010378e-08,3.1748094319729935e-43
6432,5.687288141708204e-38,3.329943941583562e-08,3.175063634231321e-43
6433,5.611960930515492e-38,3.3592347458626375e-08,3.1753166760164687e-43
6434,5.537631416046464e-38,3.3733682912120554e-08,3.1755674168436796e-43
6435,5.464286383969527e-38,3.401137677905318e-08,3.1758168733957635e-43
6436,5.391912794974696e-38,3.4424954225713387e-08,3.176066019144593e-43
6437,5.320497782455534e-38,3.510210942635544e-08,3.1763167009030063e-43
6438,5.250028650221725e-38,3.635435314178288e-08,3.1765728868748887e-43
6439,5.180492870241942e-38,3.662856480241276e-08,3.1768275864571963e-43
6440,5.111878080416673e-38,3.667797397795492e-08,3.177079251604768e-43
6441,5.044172082380201e-38,3.771794777088136e-08,3.1773346247345393e-43
6442,4.977362839332404e-38,3.772467668833355e-08,3.1775866604439164e-43
6443,4.911438473898559e-38,3.774316892132693e-08,3.1778354798899766e-43
6444,4.846387266017849e-38,3.797434441334015e-08,3.178082507587233e-43
6445,4.782197650859765e-38,3.8244643829736116e-08,3.178327998484162e-43
6446,4.718858216768109e-38,3.857540316419514e-08,3.17857233290479e-43
6447,4.6563577032322867e-38,3.8755024385413444e-08,3.178814553797408e-43
6448,4.594684998885148e-38,3.885800665678798e-08,3.1790542016330142e-43
6449,4.5338291395279993e-38,3.923291973207949e-08,3.179292956937553e-43
6450,4.4737793061811207e-38,4.025588656309069e-08,3.1795346928654873e-43
6451,4.414524823160426e-38,4.078728855087914e-08,3.179776375835177e-43
6452,4.3560551561795394e-38,4.125597591890801e-08,3.180017598152472e-43
6453,4.298359910477002e-38,4.125822033473967e-08,3.1802556384684183e-43
6454,4.2414288289683487e-38,4.198411510629749e-08,3.180494658576337e-43
6455,4.185251790422359e-38,4.220465324692128e-08,3.180731751819564e-43
6456,4.1298188076620615e-38,4.249213272873802e-08,3.180967298385664e-43
6457,4.0751200257889694e-38,4.3040272526498436e-08,3.1812027234335326e-43
6458,4.0211457204311297e-38,4.324302431315298e-08,3.18143612465342e-43
6459,3.9678862960143236e-38,4.342362106201049e-08,3.181667396359806e-43
6460,3.91533228405616e-38,4.379794817969764e-08,3.181897572149044e-43
6461,3.86347434148282e-38,4.484926163885657e-08,3.1821301511924964e-43
6462,3.812303248967821e-38,4.5165799523920306e-08,3.1823612695230918e-43
6463,3.761809909293333e-38,4.521712817578343e-08,3.1825895859043e-43
6464,3.711985345732647e-38,4.596931413319503e-08,3.1828186260056872e-43
6465,3.6628207004543496e-38,4.639417264203816e-08,3.1830467213097797e-43
6466,3.61430723294757e-38,4.681432268351454e-08,3.1832738338220154e-43
6467,3.5664363184680904e-38,4.7249810240488604e-08,3.1835000229845346e-43
6468,3.5191994465050826e-38,4.754654291356209e-08,3.1837246179805237e-43
6469,3.472588219267909e-38,4.823538198023367e-08,3.1839494490155588e-43
6470,3.42659435019346e-38,4.868372467916957e-08,3.184173364301454e-43
6471,3.381209662472763e-38,4.903300139253116e-08,3.1843958990470748e-43
6472,3.336426087597358e-38,4.919634034227241e-08,3.184616217846206e-43
6473,3.2922356639248734e-38,4.9547634601075766e-08,3.184835170942705e-43
6474,3.248630535263648e-38,5.046293049594398e-08,3.185055215200395e-43
6475,3.205602949475871e-38,5.231496440594272e-08,3.1852803138622913e-43
6476,3.1631452570996803e-38,5.271762290668772e-08,3.1855041407239088e-43
6477,3.1212499099890525e-38,5.3329719573057826e-08,3.185727567435191e-43
6478,3.079909459971936e-38,5.369500890986591e-08,3.1859495450183917e-43
6479,3.0391165575261143e-38,5.402310309495859e-08,3.186169920935829e-43
6480,2.998863950472602e-38,5.4501880451596564e-08,3.1863893052135783e-43
6481,2.959144482686395e-38,5.4537458848216233e-08,3.1866059250975647e-43
6482,2.919951092824078e-38,5.4579951795818117e-08,3.1868198424305048e-43
6483,2.881276813068715e-38,5.4855061322516715e-08,3.187031990429263e-43
6484,2.843114767890935e-38,5.498757654834026e-08,3.1872418342673085e-43
6485,2.8054581728266413e-38,5.5429249067752415e-08,3.187450561945995e-43
6486,2.7683003332708664e-38,5.559244972211652e-08,3.1876571314787236e-43
6487,2.731634643287602e-38,5.5635908679455505e-08,3.1878611243766815e-43
6488,2.695454584435432e-38,5.5757747286017705e-08,3.1880628562345087e-43
6489,2.659753724608526e-38,5.5883987066765405e-08,3.1882623668733928e-43
6490,2.624525716893372e-38,5.6393783060564916e-08,3.1884610309358672e-43
6491,2.589764298440261e-38,5.657260861267889e-08,3.188657685347964e-43
6492,2.5554632893499125e-38,5.666914729214866e-08,3.188852066241605e-43
6493,2.521616591574816e-38,5.704806080753971e-08,3.189045155088886e-43
6494,2.488218187835112e-38,5.774035450743773e-08,3.1892379986560773e-43
6495,2.4552621405488733e-38,5.9057096703703936e-08,3.189432627503233e-43
6496,2.42274259077638e-38,5.962053006697964e-08,3.1896265107827307e-43
6497,2.3906537571787264e-38,5.9709613982477e-08,3.189818111969457e-43
6498,2.35898993498987e-38,5.97402713934125e-08,3.1900072725025486e-43
6499,2.3277454950024702e-38,5.978167552391089e-08,3.190194056999874e-43
6500,2.2969148825671285e-38,6.136520119467429e-08,3.190383249673379e-43
6501,2.2664926166048781e-38,6.212121663524741e-08,3.1905722364908165e-43
6502,2.236473288632788e-38,6.29101825881792e-08,3.1907610886312063e-43
6503,2.2068515618023133e-38,6.310980593927236e-08,3.190948030774392e-43
6504,2.1776221699506996e-38,6.343545445959632e-08,3.1911334487499604e-43
6505,2.1487799166646349e-38,6.414449139100186e-08,3.191318455916721e-43
6506,2.12031967435646e-38,6.456536859969037e-08,3.1915022105202275e-43
6507,2.0922363833525847e-38,6.585175471518729e-08,3.1916871439193057e-43
6508,2.0645250509940068e-38,6.641146438251696e-08,3.191871178935498e-43
6509,2.037180750748596e-38,6.771788184778447e-08,3.192056348744821e-43
6510,2.010198621335431e-38,7.015602581592953e-08,3.1922456446415887e-43
6511,1.9835738658604409e-38,7.091054874221633e-08,3.1924344422436746e-43
6512,1.95730175096364e-38,7.121970226377398e-08,3.1926215514637536e-43
6513,1.93137760597763e-38,7.134099096463867e-08,3.1928064968830748e-43
6514,1.9057968220972465e-38,7.161323465960975e-08,3.192989689150955e-43
6515,1.8805548515602308e-38,7.188360417043533e-08,3.1931711375328115e-43
6516,1.8556472068386186e-38,7.30052885821896e-08,3.193352976511892e-43
6517,1.8310694598411082e-38,7.329567047125326e-08,3.1935331207563776e-43
6518,1.8068172411257233e-38,7.346314366465127e-08,3.193711285179145e-43
6519,1.7828862391230402e-38,7.357339561610635e-08,3.193887353686928e-43
6520,1.7592721993696745e-38,7.41317023621217e-08,3.1940624085835846e-43
6521,1.7359709237519207e-38,7.469200238358611e-08,3.1942364504769828e-43
6522,1.7129782697594343e-38,7.481157662578121e-08,3.1944084621465815e-43
6523,1.6902901497486774e-38,7.481305132700069e-08,3.1945781988952694e-43
6524,1.6679025302163616e-38,7.633448882075477e-08,3.1947490936445607e-43
6525,1.6458114310822737e-38,7.703569206857413e-08,3.194919273955596e-43
6526,1.624012924981718e-38,7.72113488472403e-08,3.1950875831614837e-43
6527,1.602503136567309e-38,7.780950241397205e-08,3.195254949754839e-43
6528,1.5812782418200102e-38,7.807509379061345e-08,3.1954206633196482e-43
6529,1.5603344673693211e-38,7.903365731746095e-08,3.1955861896289352e-43
6530,1.5396680898223559e-38,7.98005508267151e-08,3.195751108460119e-43
6531,1.5192754351020315e-38,8.004682588179807e-08,3.1959143451882856e-43
6532,1.4991528777937997e-38,8.039406652068107e-08,3.196076118609366e-43
6533,1.479296840501141e-38,8.103936647054563e-08,3.196237030677647e-43
6534,1.4597037932095734e-38,8.114508093521529e-08,3.196396018618471e-43
6535,1.4403702526590872e-38,8.127805352297201e-08,3.1965531578728363e-43
6536,1.421292781724906e-38,8.15790438603991e-08,3.196708790056645e-43
6537,1.402467988806356e-38,8.283781985130837e-08,3.1968647305370974e-43
6538,1.3838925272240253e-38,8.433681298595531e-08,3.197021390060057e-43
6539,1.3655630946247093e-38,8.501560586917199e-08,3.197177218841824e-43
6540,1.347476432394337e-38,8.508737329970252e-08,3.1973311134999182e-43
6541,1.329629325078654e-38,8.522170264862542e-08,3.1974832095871977e-43
6542,1.3120185998115772e-38,8.667011930566688e-08,3.1976358419531933e-43
6543,1.294641125751139e-38,8.806327501594175e-08,3.19778887368092e-43
6544,1.2774938135228123e-38,8.837280220724158e-08,3.197940409284114e-43
6545,1.2605736146703916e-38,8.957629380487282e-08,3.1980919741544785e-43
6546,1.2438775211139613e-38,8.959412679904309e-08,3.1982415613467927e-43
6547,1.2274025646151379e-38,8.962736776740225e-08,3.1983892220453e-43
6548,1.2111458162493747e-38,9.392397817258295e-08,3.198541911893166e-43
6549,1.1951043858852744e-38,9.400902143072023e-08,3.198692715810254e-43
6550,1.1792754216707109e-38,9.61049372916204e-08,3.198844839971577e-43
6551,1.1636561095259288e-38,9.798810067256433e-08,3.198997890644665e-43
6552,1.1482436726431872e-38,9.892754846038217e-08,3.199150362104326e-43
6553,1.1330353709931146e-38,1.0032593107942035e-07,3.1993029408066438e-43
6554,1.1180285008375844e-38,1.0037367924195297e-07,3.1994535702837857e-43
6555,1.1032203942490448e-38,1.0046742203424991e-07,3.1996023435132015e-43
6556,1.0886084186362276e-38,1.016967879019628e-07,3.199750942611674e-43
6557,1.074189976276064e-38,1.0192962908693532e-07,3.1998979092598526e-43
6558,1.059962503851953e-38,1.0314903259849965e-07,3.2000446642615395e-43
6559,1.045923471997992e-38,1.0355384868694277e-07,3.200190043839571e-43
6560,1.0320703848493204e-38,1.0381940347731642e-07,3.2003338657639806e-43
6561,1.0184007795984039e-38,1.0420360370246982e-07,3.2004763079768142e-43
6562,1.0049122260571951e-38,1.0724178257662163e-07,3.200620961629428e-43
6563,9.916023262251089e-39,1.0737328604961299e-07,3.200763874397624e-43
6564,9.78468713862647e-39,1.1017487083979754e-07,3.2009085738021936e-43
6565,9.65509054070813e-39,1.103011977042837e-07,3.2010515204018818e-43
6566,9.527210428759554e-39,1.1107403632334569e-07,3.201193562003878e-43
6567,9.401024068201817e-39,1.1269587735989856e-07,3.2013357688300172e-43
6568,9.276509025571806e-39,1.130877227951297e-07,3.2014765800562647e-43
6569,9.153643164534e-39,1.1503433667926018e-07,3.201617917984515e-43
6570,9.032404641945188e-39,1.150509810012117e-07,3.2017574040941045e-43
6571,8.912771903970671e-39,1.1564840283594417e-07,3.201895757444841e-43
6572,8.794723682253189e-39,1.161385251110556e-07,3.2020328569084635e-43
6573,8.678238990131303e-39,1.1778517328550226e-07,3.2021700586049303e-43
6574,8.563297118908511e-39,1.1977447846246335e-07,3.2023077296317226e-43
6575,8.449877634171643e-39,1.2011400216846492e-07,3.202443962314079e-43
6576,8.337960372158026e-39,1.223518715148863e-07,3.202580895178701e-43
6577,8.22752543617088e-39,1.2301839408747182e-07,3.202716750463464e-43
6578,8.118553193041598e-39,1.2348904061868611e-07,3.202851319241045e-43
6579,8.01102426964007e-39,1.243553852905244e-07,3.2029850372480397e-43
6580,7.904919549430043e-39,1.266480088607465e-07,3.203119416763493e-43
6581,7.80022016907069e-39,1.2740658260913524e-07,3.2032528106660217e-43
6582,7.696907515063084e-39,1.283366450497407e-07,3.2033853986600868e-43
6583,7.594963220441187e-39,1.293265941547038e-07,3.203517239744256e-43
6584,7.494369161506128e-39,1.298880379378129e-07,3.203647899393689e-43
6585,7.395107454604821e-39,1.299023560093674e-07,3.203776842689569e-43
6586,7.297160452950165e-39,1.3044566174440484e-07,3.203904610304036e-43
6587,7.200510743483894e-39,1.3139879692985802e-07,3.204031606859511e-43
6588,7.105141143780887e-39,1.315081151766853e-07,3.2041570256225322e-43
6589,7.011034698994458e-39,1.3331180159105696e-07,3.20428248061949e-43
6590,6.918174678842223e-39,1.3446322562964485e-07,3.2044073431979074e-43
6591,6.826544574631388e-39,1.361114241305619e-07,3.204532062237681e-43
6592,6.736128096324416e-39,1.3708639764303626e-07,3.2046560109306678e-43
6593,6.646909169642583e-39,1.3876432016070503e-07,3.2047798149677326e-43
6594,6.558871933208385e-39,1.4064802872394445e-07,3.2049036376053204e-43
6595,6.472000735725702e-39,1.4246488862676337e-07,3.205027398560063e-43
6596,6.386280133197292e-39,1.4248423796633188e-07,3.2051495369073555e-43
6597,6.301694886179249e-39,1.4358641122380424e-07,3.2052709898279737e-43
6598,6.21822995707137e-39,1.4532886141609582e-07,3.2053922884591278e-43
6599,6.135870507444298e-39,1.457574532537601e-07,3.205512333495418e-43
6600,6.054601895401186e-39,1.4702130611453543e-07,3.205631815670305e-43
6601,5.974409672974738e-39,1.48425208426882e-07,3.2057508411435836e-43
6602,5.895279583558652e-39,1.5219738451263658e-07,3.2058712750700374e-43
6603,5.817197559373062e-39,1.5273013569563113e-07,3.20599052985153e-43
6604,5.740149718963659e-39,1.5385313249606437e-07,3.2061090703675204e-43
6605,5.664122364733503e-39,1.5843960777751037e-07,3.206229527809366e-43
6606,5.589101980508352e-39,1.6075887150678582e-07,3.2063501297324467e-43
6607,5.5150752291334256e-39,1.6176577384353742e-07,3.2064698796796596e-43
6608,5.442028950102399e-39,1.6337686462907613e-07,3.2065892204000687e-43
6609,5.369950157217725e-39,1.6597592557767747e-07,3.2067088538437043e-43
6610,5.2988260362819415e-39,1.6749400265218777e-07,3.2068279824807107e-43
6611,5.2286439428196316e-39,1.6750315248861922e-07,3.2069455396997426e-43
6612,5.159391399829189e-39,1.6761734345008688e-07,3.207061618972575e-43
6613,5.0910560955650946e-39,1.6763618346993238e-07,3.2071761736686058e-43
6614,5.0236258813488347e-39,1.6943645759827231e-07,3.2072904250349246e-43
6615,4.957088769409175e-39,1.713112927666378e-07,3.207404410621558e-43
6616,4.891432930750973e-39,1.717284971354393e-07,3.2075171604065674e-43
6617,4.8266466930522123e-39,1.7333060311467465e-07,3.207629454783106e-43
6618,4.7627185385889593e-39,1.7423874253687444e-07,3.20774084239557e-43
6619,4.69963710218747e-39,1.767393062226162e-07,3.207852332088621e-43
6620,4.637391169204087e-39,1.775776320649145e-07,3.20796286694247e-43
6621,4.57596967353123e-39,1.7891543932471547e-07,3.208072759481293e-43
6622,4.51536169563012e-39,1.8076900966260103e-07,3.2081823199227215e-43
6623,4.455556460589504e-39,1.8092390229226867e-07,3.208290521887732e-43
6624,4.396543336210145e-39,1.825125614785312e-07,3.2083982282526454e-43
6625,4.338311831114381e-39,1.8435227377225174e-07,3.2085055793563413e-43
6626,4.2808515928813335e-39,1.8712572274120095e-07,3.208613102242424e-43
6627,4.224152406206203e-39,1.8714842979801449e-07,3.2087192138799946e-43
6628,4.1682041910842484e-39,1.9345854014850164e-07,3.2088274504802085e-43
6629,4.11299700101876e-39,1.9366117548518725e-07,3.2089343653734416e-43
6630,4.058521021252769e-39,1.9380944001974875e-07,3.2090399449647714e-43
6631,4.00476656702423e-39,1.9386136361469666e-07,3.2091441540827426e-43
6632,3.9517240818440334e-39,1.941580523706066e-07,3.2092471403388973e-43
6633,3.899384135797393e-39,1.9651062804373854e-07,3.2093499938955914e-43
6634,3.8477374238671605e-39,1.976884175316402e-07,3.2094520934631135e-43
6635,3.7967747642796344e-39,1.9846376201225903e-07,3.2095532358745525e-43
6636,3.74648709687222e-39,2.0003987280720342e-07,3.209653831260472e-43
6637,3.696865481482711e-39,2.0059242173424124e-07,3.2097533684604855e-43
6638,3.647901096359953e-39,2.046938925789035e-07,3.2098535955663707e-43
6639,3.599585236595305e-39,2.0636881068525136e-07,3.209953304431539e-43
6640,3.5519093125753856e-39,2.0742285273141508e-07,3.210052195193207e-43
6641,3.5048648484548024e-39,2.0779908815388119e-07,3.2101499531606766e-43
6642,3.458443480649364e-39,2.1005887621588666e-07,3.2102474653642126e-43
6643,3.412636956349197e-39,2.1139372428094839e-07,3.2103442974818946e-43
6644,3.3674371320515606e-39,2.1522231971348702e-07,3.2104415775922543e-43
6645,3.3228359721131373e-39,2.1771252646013073e-07,3.210538679904387e-43
6646,3.2788255473212623e-39,2.1951174981878805e-07,3.2106352879579502e-43
6647,3.235398033484553e-39,2.205610801328308e-07,3.2107310721515432e-43
6648,3.192545710041726e-39,2.2186292590755067e-07,3.2108261455701527e-43
6649,3.150260958689085e-39,2.2257272163693004e-07,3.2109202598920756e-43
6650,3.108536262026133e-39,2.22832547123063e-07,3.2110132360964292e-43
6651,3.067364202219126e-39,2.229951149154288e-07,3.2111050477785087e-43
6652,3.02673745968237e-39,2.2449778389451109e-07,3.211196253915172e-43
6653,2.986648811776772e-39,2.2558526009750374e-07,3.2112866879958195e-43
6654,2.947091131526051e-39,2.2622892376610222e-07,3.2113761789101177e-43
6655,2.908057386349534e-39,2.2844752535975978e-07,3.2114653505350285e-43
6656,2.869540636811939e-39,2.2920182552432927e-07,3.2115536316281015e-43
6657,2.8315340353896823e-39,2.3483934593166256e-07,3.2116428860822923e-43
6658,2.7940308252535618e-39,2.3583922515658955e-07,3.211731333362486e-43
6659,2.757024339067365e-39,2.3642051979725915e-07,3.211818824289486e-43
6660,2.720507997802789e-39,2.3760128363815524e-07,3.2119055875850685e-43
6661,2.6844753095696554e-39,2.3864136612005305e-07,3.211991576484518e-43
6662,2.6489198684618216e-39,2.41086350425183e-07,3.2120772957998623e-43
6663,2.613835353418335e-39,2.42963712015246e-07,3.2121625384399547e-43
6664,2.5792155270996723e-39,2.4319620439180817e-07,3.212246732543529e-43
6665,2.5450542347789e-39,2.437396959914671e-07,3.2123299971735784e-43
6666,2.5113454032473367e-39,2.437875319218875e-07,3.212412175102009e-43
6667,2.4780830397350778e-39,2.49017111879489e-07,3.21249500407897e-43
6668,2.445261230845449e-39,2.5101584379949083e-07,3.2125773920195047e-43
6669,2.4128741415037584e-39,2.5406186981729176e-07,3.2126596752642657e-43
6670,2.3809160139199347e-39,2.5475001202366225e-07,3.212741088598128e-43
6671,2.3493811665649037e-39,2.5545121640233095e-07,3.212821644749287e-43
6672,2.318263993160558e-39,2.5658182648706845e-07,3.2129014857611592e-43
6673,2.2875589616829372e-39,2.6467207219884887e-07,3.2129827534042403e-43
6674,2.2572606133789425e-39,2.649083705098745e-07,3.213063016265024e-43
6675,2.2273635617957438e-39,2.6871331404246846e-07,3.2131433536231342e-43
6676,2.1978624918232065e-39,2.691104959428317e-07,3.213222744098846e-43
6677,2.1687521587489698e-39,2.6986452060826346e-07,3.213301302559644e-43
6678,2.1400273873260402e-39,2.6995000032957555e-07,3.2133788450801946e-43
6679,2.111683070852763e-39,2.70519226975029e-07,3.2134555219060096e-43
6680,2.0837141702648294e-39,2.711127862280913e-07,3.213531349171671e-43
6681,2.0561157132396143e-39,2.8044453206490376e-07,3.2136087475353324e-43
6682,2.028882793312069e-39,2.812007601291345e-07,3.213685326713174e-43
6683,2.0020105690024816e-39,2.8150883164304574e-07,3.2137609743978644e-43
6684,1.9754942629557555e-39,2.9146172595067733e-07,3.2138382592811267e-43
6685,1.9493291610920894e-39,2.919264950615698e-07,3.2139146421459268e-43
6686,1.923510611768933e-39,2.974795543164579e-07,3.213991447051384e-43
6687,1.8980340249539075e-39,2.9988452595114686e-07,3.214067847392983e-43
6688,1.872894871408952e-39,3.025311645025518e-07,3.2141439011669487e-43
6689,1.8480886818850038e-39,3.0877625384710055e-07,3.214220496789683e-43
6690,1.82361104632748e-39,3.1054379588343533e-07,3.2142965105682855e-43
6691,1.7994576130922585e-39,3.1082124749554646e-07,3.2143715845707803e-43
6692,1.775624088172038e-39,3.1270951300421534e-07,3.21444611427049e-43
6693,1.7521062344329747e-39,3.1871979687598584e-07,3.2145210703261565e-43
6694,1.7288998708613027e-39,3.197555650300839e-07,3.214595273965118e-43
6695,1.7060008718201812e-39,3.238707141676618e-07,3.21466943711685e-43
6696,1.6834051663161364e-39,3.280960543354241e-07,3.214743572735058e-43
6697,1.6611087372753447e-39,3.294024545405893e-07,3.2148170177195933e-43
6698,1.639107620829476e-39,3.3257399947659724e-07,3.2148901877124868e-43
6699,1.6173979056110168e-39,3.351302313171154e-07,3.2149629435313168e-43
6700,1.595975732057815e-39,3.3720990875922477e-07,3.21503518122321e-43
6701,1.5748372917270636e-39,3.377581001200592e-07,3.215106578017666e-43
6702,1.5539788266181414e-39,3.4511964186042843e-07,3.2151785646777477e-43
6703,1.533396628504537e-39,3.472415578402512e-07,3.2152500346231153e-43
6704,1.5130870382745997e-39,3.4736407900010835e-07,3.2153205828441663e-43
6705,1.49304644528102e-39,3.5167214994342184e-07,3.215391060028408e-43
6706,1.473271286698949e-39,3.524257152458369e-07,3.215460752772482e-43
6707,1.4537580468925139e-39,3.5422613106920366e-07,3.215529873766895e-43
6708,1.4345032567899324e-39,3.5923910857952515e-07,3.215599044503218e-43
6709,1.4155034932666961e-39,3.618985965224153e-07,3.215667804380751e-43
6710,1.3967553785370265e-39,3.6389555679229667e-07,3.2157360279372347e-43
6711,1.3782555795533717e-39,3.6451667268172757e-07,3.2158034627889428e-43
6712,1.3600008074138547e-39,3.680226074419824e-07,3.2158706444773532e-43
6713,1.3419878167775914e-39,3.704444665632512e-07,3.215937372604428e-43
6714,1.3242134052876546e-39,3.816478053315119e-07,3.21600520825579e-43
6715,1.3066744130018747e-39,3.8434847824162823e-07,3.216072619105739e-43
6716,1.2893677218309845e-39,3.909863951075966e-07,3.2161402859136607e-43
6717,1.2722902549843059e-39,3.9495697156725406e-07,3.2162077345595386e-43
6718,1.2554389764227543e-39,3.9878549414210857e-07,3.2162749350140194e-43
6719,1.2388108903190925e-39,4.006196200586135e-07,3.216341550389391e-43
6720,1.2224030405253472e-39,4.097525087219911e-07,3.216408781965548e-43
6721,1.2062125100471945e-39,4.103610867351569e-07,3.2164752216023664e-43
6722,1.1902364205254806e-39,4.1597865439236084e-07,3.2165416787245834e-43
6723,1.1744719317244356e-39,4.19676479212169e-07,3.2166078385761494e-43
6724,1.1589162410267527e-39,4.2003295698050486e-07,3.2166731776037655e-43
6725,1.143566582935338e-39,4.2329458117439415e-07,3.216738151874695e-43
6726,1.128420228581659e-39,4.236890741249865e-07,3.2168023253232197e-43
6727,1.1134744852406212e-39,4.294602876784708e-07,3.216866511355568e-43
6728,1.0987266958517909e-39,4.29617940972776e-07,3.2169298705046793e-43
6729,1.0841742385471171e-39,4.303942303893177e-07,3.2169925034412985e-43
6730,1.0698145261847516e-39,4.48243292620498e-07,3.2170568698888024e-43
6731,1.0556450058891209e-39,4.496353394584304e-07,3.2171205810594834e-43
6732,1.0416631585970752e-39,4.5207855333558307e-07,3.217183789992451e-43
6733,1.027866498610064e-39,4.5510452096820565e-07,3.2172465792157943e-43
6734,1.0142525731521674e-39,4.5527736866104825e-07,3.2173085603373905e-43
6735,1.0008189619341295e-39,4.559657617375343e-07,3.2173698130051098e-43
6736,9.875632767230195e-40,4.620307639742647e-07,3.2174310583487606e-43
6737,9.744831609176655e-40,4.6287805747132245e-07,3.2174916033347153e-43
6738,9.615762891296966e-40,4.690549863994215e-07,3.217552143660425e-43
6739,9.488403667701346e-40,4.750466314250136e-07,3.217612645230575e-43
6740,9.362731296414744e-40,4.855892306435529e-07,3.217673670380661e-43
6741,9.238723435351007e-40,4.863339620405039e-07,3.2177339796150562e-43
6742,9.116358038341695e-40,4.871766806319414e-07,3.2177935931829956e-43
6743,8.99561335121617e-40,4.992050757928126e-07,3.2178538695436837e-43
6744,8.876467907934262e-40,5.008986518566795e-07,3.2179135493355983e-43
6745,8.758900526770036e-40,5.159963575517268e-07,3.217974213676046e-43
6746,8.64289030654608e-40,5.176311790498585e-07,3.2180342641831223e-43
6747,8.528416622917824e-40,5.194300174586118e-07,3.218093725250608e-43
6748,8.415459124706438e-40,5.229122947933424e-07,3.2181527921152117e-43
6749,8.303997730281526e-40,5.24707513950927e-07,3.218211276746382e-43
6750,8.194012623990515e-40,5.265496449598011e-07,3.2182691893650505e-43
6751,8.085484252635948e-40,5.273312801379814e-07,3.218326419770048e-43
6752,7.978393321999301e-40,5.299568972604269e-07,3.218383173347373e-43
6753,7.872720793410855e-40,5.307390269828358e-07,3.2184392578823747e-43
6754,7.768447880365096e-40,5.392998036396101e-07,3.2184954922439053e-43
6755,7.66555604518041e-40,5.431809155419772e-07,3.218551381125143e-43
6756,7.564026995704109e-40,5.436698645758288e-07,3.218606579409722e-43
6757,7.463842682059988e-40,5.458702839623531e-07,3.2186612670494595e-43
6758,7.364985293439542e-40,5.784244278359947e-07,3.21871844857791e-43
6759,7.267437254935537e-40,6.108559924740481e-07,3.218778036381784e-43
6760,7.171181224417543e-40,6.206486282304004e-07,3.218837777555084e-43
6761,7.076200089448942e-40,6.290075034358033e-07,3.2188975214016643e-43
6762,6.982476964244269e-40,6.32048085484339e-07,3.2189567589235156e-43
6763,6.8899951866678564e-40,6.336989490724221e-07,3.2190153645287742e-43
6764,6.798738315271226e-40,6.350634189439091e-07,3.2190733184295254e-43
6765,6.708690126370226e-40,6.354915819359546e-07,3.2191305432955404e-43
6766,6.619834611160775e-40,6.418317743386476e-07,3.219187573588527e-43
6767,6.532155972872811e-40,6.539491274567009e-07,3.219244910957532e-43
6768,6.4456386239620285e-40,6.561996126749071e-07,3.2193016836083768e-43
6769,6.360267183338349e-40,6.570420827107724e-07,3.219357776237528e-43
6770,6.276026473632016e-40,6.665714278544837e-07,3.2194139286876803e-43
6771,6.192901518494991e-40,6.673628758671228e-07,3.219469403196797e-43
6772,6.110877539938541e-40,6.779497089747193e-07,3.219525011329188e-43
6773,6.029939955706e-40,6.808030610480581e-07,3.2195801138842874e-43
6774,5.9500743766804205e-40,6.851538315159437e-07,3.219634834091763e-43
6775,5.8712666043261254e-40,6.878497272058836e-07,3.2196890419964785e-43
6776,5.793502628164998e-40,6.884019658092087e-07,3.219742574870537e-43
6777,5.716768623285355e-40,6.905841845157196e-07,3.2197955661607215e-43
6778,5.641050947884228e-40,6.937896519296949e-07,3.219848098300383e-43
6779,5.566336140842125e-40,7.014483966648193e-07,3.2199005068819896e-43
6780,5.492610919329901e-40,7.01741817965025e-07,3.2199522429529635e-43
6781,5.419862176447412e-40,7.032391227227168e-07,3.2200034027150874e-43
6782,5.348076978893055e-40,7.058552427532582e-07,3.2200540726731334e-43
6783,5.277242564664944e-40,7.065001158739388e-07,3.2201041171949936e-43
6784,5.207346340791766e-40,7.106495632865653e-07,3.2201537889159643e-43
6785,5.138375881094077e-40,7.126718954196311e-07,3.220202942224205e-43
6786,5.070318923975167e-40,7.239433433256149e-07,3.220252211605278e-43
6787,5.003163370241192e-40,7.306181760883259e-07,3.2203012766734613e-43
6788,4.936897280950242e-40,7.322560263624115e-07,3.220349800416688e-43
6789,4.8715088752895504e-40,7.340124867361657e-07,3.2203977963229306e-43
6790,4.80698652848152e-40,7.373099943648673e-07,3.220445369294092e-43
6791,4.743318769716783e-40,7.400056880017303e-07,3.2204924837977204e-43
6792,4.680494280114983e-40,7.417466241160344e-07,3.2205390836507945e-43
6793,4.6185018907125046e-40,7.511465080621836e-07,3.2205856490176205e-43
6794,4.557330580476847e-40,7.537208905477469e-07,3.220631755112047e-43
6795,4.496969474347367e-40,7.557945123940193e-07,3.2206773757048218e-43
6796,4.437407841301647e-40,7.577384449009196e-07,3.2207225078440215e-43
6797,4.3786350924481165e-40,7.603150660887939e-07,3.2207671936504505e-43
6798,4.320640779143297e-40,7.793470156824945e-07,3.2208123913454513e-43
6799,4.263414591134304e-40,7.797504667152882e-07,3.2208570134922597e-43
6800,4.20694635472588e-40,7.80934448618134e-07,3.2209011114833237e-43
6801,4.1512260309717196e-40,7.959785821397451e-07,3.220945463667622e-43
6802,4.096243713889792e-40,8.016675738205877e-07,3.22098954120836e-43
6803,4.041989628701021e-40,8.03020605685475e-07,3.221033108356709e-43
6804,3.988454130091875e-40,8.071898740504768e-07,3.2210763216690886e-43
6805,3.935627700499378e-40,8.102663351704197e-07,3.221119125146595e-43
6806,3.883500948419137e-40,8.207041122349572e-07,3.2211619057863846e-43
6807,3.8320646067357155e-40,8.289530163430715e-07,3.221204544096973e-43
6808,3.7813095310751744e-40,8.426299899209419e-07,3.221247311845865e-43
6809,3.731226698179168e-40,8.446200649933354e-07,3.2212896128114406e-43
6810,3.6818072043011054e-40,8.446371261576509e-07,3.2213313543507258e-43
6811,3.6330422636230285e-40,8.474254224027278e-07,3.2213726790011783e-43
6812,3.584923206693715e-40,8.496759037749243e-07,3.2214135646043634e-43
6813,3.5374414788874203e-40,8.542742562635428e-07,3.221454127022071e-43
6814,3.4905886388830347e-40,8.597406289483729e-07,3.2214944083122045e-43
6815,3.44435635716343e-40,8.616552483270301e-07,3.2215342446003904e-43
6816,3.398736414534436e-40,8.875781489336599e-07,3.2215747358646234e-43
6817,3.353720700663929e-40,8.944366503240663e-07,3.2216149995689497e-43
6818,3.30930121263977e-40,8.944925026683134e-07,3.2216547324679597e-43
6819,3.2654700535470985e-40,9.006986176299099e-07,3.2216942111323635e-43
6820,3.2222194310644127e-40,9.051501412863924e-07,3.2217333594394145e-43
6821,3.1795416560782477e-40,9.102700657964576e-07,3.2217722077404593e-43
6822,3.1374291413162486e-40,9.179412909174188e-07,3.2218108645566237e-43
6823,3.0958743999981196e-40,9.196845735769679e-07,3.221849081811173e-43
6824,3.054870044504893e-40,9.251917929943964e-07,3.2218870187043525e-43
6825,3.0144087850653746e-40,9.313565133007131e-07,3.2219247025618677e-43
6826,2.9744834284602097e-40,9.325965804847472e-07,3.2219619368129122e-43
6827,2.9350868767430706e-40,9.346386152717233e-07,3.2219987583514556e-43
6828,2.896212125978779e-40,9.552851103837273e-07,3.2220358948220306e-43
6829,2.8578522649981872e-40,9.657335307679756e-07,3.2220729402260152e-43
6830,2.820000474169341e-40,9.77272682314698e-07,3.2221099317471688e-43
6831,2.782650024185331e-40,9.783134970592675e-07,3.2221464721965093e-43
6832,2.7457942748677876e-40,9.892870711392473e-07,3.2221829331128065e-43
6833,2.7094266739864298e-40,9.943572720003746e-07,3.2222190955012082e-43
6834,2.673540756094206e-40,9.975206868727193e-07,3.2222548924466732e-43
6835,2.6381301413778654e-40,1.0253628664845646e-06,3.2222912011760826e-43
6836,2.6031885345237872e-40,1.0617029969644626e-06,3.222328298784798e-43
6837,2.568709723598651e-40,1.0805285695737086e-06,3.2223655541250477e-43
6838,2.5346875789452985e-40,1.0853753978543433e-06,3.2224024809238366e-43
6839,2.501116052092852e-40,1.096435321103696e-06,3.222439289931661e-43
6840,2.4679891746814513e-40,1.1066651541268395e-06,3.2224759502925574e-43
6841,2.435301057401198e-40,1.1075562658104463e-06,3.2225121542216687e-43
6842,2.403045888945149e-40,1.1175219023263605e-06,3.2225482000788816e-43
6843,2.3712179349762158e-40,1.1387464741204896e-06,3.222584444049242e-43
6844,2.3398115371075755e-40,1.1393314405193095e-06,3.2226202263457675e-43
6845,2.308821111896924e-40,1.1400823328978994e-06,3.222655557982039e-43
6846,2.278241149853714e-40,1.1423315877400639e-06,3.222690490438633e-43
6847,2.2480662144597086e-40,1.1570447436301577e-06,3.22272540418902e-43
6848,2.218290941202475e-40,1.1786553570119605e-06,3.222760498974351e-43
6849,2.188910036621711e-40,1.1801000832058634e-06,3.2227951713822915e-43
6850,2.1599182773680467e-40,1.1854458637388714e-06,3.222829539543381e-43
6851,2.131310509274622e-40,1.2037828679371888e-06,3.222863977084502e-43
6852,2.103081646440652e-40,1.2081607020181114e-06,3.2228980820872405e-43
6853,2.075226670327285e-40,1.2446521161355793e-06,3.222932751842205e-43
6854,2.047740628865404e-40,1.2584927845879878e-06,3.2229673428270616e-43
6855,2.0206186355752458e-40,1.266362615087347e-06,3.223001689105411e-43
6856,1.993855868697711e-40,1.2764892023678234e-06,3.2230358514883556e-43
6857,1.9674475703370324e-40,1.2819593316378333e-06,3.2230697058528718e-43
6858,1.9413890456150885e-40,1.3000333962198703e-06,3.2231035828052666e-43
6859,1.91567566183663e-40,1.3440500338310385e-06,3.223138142879604e-43
6860,1.8903028476657066e-40,1.3471369065198021e-06,3.2231723235339958e-43
6861,1.8652660923129734e-40,1.3535548297963497e-06,3.2232062121551258e-43
6862,1.8405609447337597e-40,1.3701282649864324e-06,3.2232400613761145e-43
6863,1.816183012836788e-40,1.3757226316925158e-06,3.2232735986487392e-43
6864,1.7921279627032414e-40,1.3947966538609004e-06,3.223307150552174e-43
6865,1.7683915178164332e-40,1.412262808438646e-06,3.223340672650492e-43
6866,1.7449694583014234e-40,1.4324701661361896e-06,3.223374224051977e-43
6867,1.7218576201748321e-40,1.4349913356781516e-06,3.22340738933944e-43
6868,1.699051894604566e-40,1.4401561144390018e-06,3.2234402331445645e-43
6869,1.6765482271793473e-40,1.4430260030751259e-06,3.2234727065218237e-43
6870,1.654342617187944e-40,1.4666681323085575e-06,3.2235052747823566e-43
6871,1.632431116907826e-40,1.471508867785711e-06,3.2235375177493252e-43
6872,1.6108098309034797e-40,1.4736631773134036e-06,3.223569380242356e-43
